0	0	0
0.010004	0.000868	0.000907
0.020017	0.001737	0.001814
0.030037	0.002606	0.002722
0.040066	0.003475	0.00363
0.050104	0.004344	0.004538
0.060149	0.005213	0.005446
0.070204	0.006082	0.006353
0.080266	0.00695	0.00726
0.090337	0.007816	0.008165
0.100416	0.008681	0.009069
0.110503	0.009544	0.009971
0.120599	0.010404	0.010869
0.130704	0.011261	0.011765
0.140817	0.012115	0.012658
0.150938	0.012966	0.013547
0.161067	0.013813	0.014432
0.171206	0.014657	0.015314
0.181352	0.015497	0.016192
0.191507	0.016335	0.017067
0.201671	0.01717	0.01794
0.211843	0.018002	0.018809
0.222023	0.018833	0.019677
0.232212	0.019662	0.020543
0.24241	0.020489	0.021408
0.252616	0.021316	0.022271
0.262831	0.022142	0.023134
0.273054	0.022967	0.023995
0.283286	0.023791	0.024855
0.293526	0.024614	0.025714
0.303775	0.025436	0.026571
0.314032	0.026255	0.027425
0.324299	0.027074	0.028278
0.334573	0.02789	0.029129
0.344857	0.028705	0.029977
0.355149	0.029519	0.030824
0.365449	0.030333	0.03167
0.375759	0.031147	0.032516
0.386077	0.031962	0.033362
0.396404	0.032779	0.03421
0.406739	0.033598	0.035059
0.417083	0.034422	0.035912
0.427436	0.035249	0.036768
0.437798	0.03608	0.037627
0.448168	0.036915	0.03849
0.458547	0.037755	0.039357
0.468935	0.038599	0.040227
0.479332	0.039446	0.0411
0.489737	0.040297	0.041976
0.500151	0.041151	0.042855
0.510574	0.042009	0.043736
0.521006	0.04287	0.044619
0.531447	0.043735	0.045506
0.541896	0.044605	0.046396
0.552355	0.04548	0.04729
0.562822	0.046361	0.048189
0.573298	0.047248	0.049093
0.583783	0.048142	0.050003
0.594277	0.049043	0.050918
0.60478	0.04995	0.051839
0.615292	0.050864	0.052765
0.625812	0.051784	0.053696
0.636342	0.052709	0.054632
0.646881	0.053638	0.055571
0.657428	0.054571	0.056512
0.667985	0.055506	0.057455
0.67855	0.056443	0.058397
0.689125	0.05738	0.05934
0.699708	0.058317	0.06028
0.710301	0.059253	0.061219
0.720903	0.060189	0.062156
0.731513	0.061123	0.063091
0.742133	0.062058	0.064025
0.752762	0.062992	0.064957
0.7634	0.063928	0.065889
0.774047	0.064864	0.066822
0.784703	0.065802	0.067755
0.795368	0.066742	0.06869
0.806042	0.067685	0.069626
0.816726	0.06863	0.070563
0.827418	0.069576	0.071502
0.83812	0.070524	0.072441
0.848831	0.071473	0.07338
0.859551	0.072422	0.074319
0.87028	0.07337	0.075255
0.881019	0.074318	0.07619
0.891767	0.075266	0.077124
0.902524	0.076216	0.078056
0.91329	0.077167	0.07899
0.924066	0.078123	0.079925
0.93485	0.079086	0.080865
0.945645	0.080058	0.081813
0.956448	0.081043	0.08277
0.967261	0.082041	0.08374
0.978083	0.083057	0.084726
0.988914	0.08409	0.085728
0.999755	0.085143	0.086749
1.010605	0.086217	0.08779
1.021464	0.087311	0.088851
1.032333	0.088424	0.08993
1.043211	0.089557	0.091028
1.054099	0.090707	0.092142
1.064996	0.091873	0.09327
1.075902	0.093054	0.09441
1.086818	0.094248	0.09556
1.097744	0.095453	0.096717
1.108678	0.096668	0.097879
1.119623	0.097893	0.099045
1.130576	0.099128	0.100214
1.14154	0.100373	0.101385
1.152512	0.101628	0.102559
1.163495	0.102894	0.103734
1.174487	0.104173	0.104912
1.185488	0.105465	0.106094
1.196499	0.106772	0.10728
1.20752	0.108096	0.108472
1.21855	0.109436	0.10967
1.22959	0.110796	0.110875
1.240639	0.112176	0.112087
1.251698	0.113577	0.113308
1.262767	0.115002	0.114539
1.273845	0.116452	0.11578
1.284933	0.117931	0.117034
1.296031	0.119441	0.118302
1.307138	0.120987	0.119588
1.318255	0.122573	0.120896
1.329382	0.124206	0.12223
1.340518	0.125891	0.123596
1.351664	0.127635	0.125
1.36282	0.129445	0.12645
1.373986	0.131328	0.127952
1.385162	0.13329	0.129513
1.396347	0.135335	0.13114
1.407542	0.137468	0.132839
1.418747	0.139691	0.134613
1.429962	0.142005	0.136467
1.441186	0.144409	0.138402
1.452421	0.146899	0.140418
1.463665	0.149472	0.142513
1.47492	0.15212	0.144684
1.486184	0.154837	0.146926
1.497458	0.157613	0.149234
1.508742	0.160439	0.151599
1.520036	0.163306	0.154015
1.531339	0.166205	0.156474
1.542653	0.169127	0.158968
1.553977	0.172064	0.161489
1.565311	0.175009	0.164031
1.576655	0.177956	0.166589
1.588008	0.180902	0.169157
1.599372	0.183843	0.171732
1.610746	0.186778	0.174313
1.62213	0.189707	0.176897
1.633524	0.192632	0.179486
1.644928	0.195554	0.182081
1.656342	0.198478	0.184683
1.667767	0.201407	0.187296
1.679201	0.204346	0.189922
1.690646	0.2073	0.192566
1.7021	0.210276	0.195232
1.713565	0.21328	0.197925
1.72504	0.21632	0.20065
1.736525	0.219404	0.203412
1.748021	0.22254	0.206216
1.759526	0.225737	0.20907
1.771042	0.229005	0.211978
1.782568	0.232353	0.214947
1.794105	0.235791	0.217984
1.805651	0.239327	0.221096
1.817208	0.242972	0.224289
1.828776	0.246733	0.22757
1.840353	0.250619	0.230947
1.851941	0.25464	0.234426
1.863539	0.258803	0.238016
1.875148	0.263116	0.241723
1.886767	0.267586	0.245555
1.898396	0.272218	0.249518
1.910036	0.277017	0.253617
1.921686	0.281985	0.257856
1.933346	0.287124	0.262237
1.945017	0.292433	0.266763
1.956699	0.297912	0.271434
1.968391	0.30356	0.276249
1.980093	0.309379	0.281211
1.991806	0.31537	0.286321
2.003529	0.32154	0.291582
2.015263	0.327898	0.297003
2.027008	0.33446	0.302592
2.038763	0.341242	0.308364
2.050528	0.348267	0.314334
2.062305	0.355559	0.320522
2.074091	0.363142	0.32695
2.085889	0.371043	0.333639
2.097697	0.379283	0.340609
2.109515	0.387881	0.347882
2.121344	0.396853	0.355474
2.133184	0.406208	0.363398
2.145035	0.415951	0.371666
2.156896	0.42608	0.380283
2.168768	0.436591	0.389255
2.180651	0.447477	0.398582
2.192545	0.458729	0.408266
2.204449	0.470338	0.418305
2.216364	0.482295	0.4287
2.228289	0.494594	0.439454
2.240226	0.507231	0.45057
2.252173	0.520205	0.462056
2.264132	0.53352	0.473922
2.276101	0.547182	0.486185
2.288081	0.561202	0.498862
2.300071	0.575592	0.511977
2.312073	0.590363	0.525555
2.324086	0.605523	0.539619
2.336109	0.621077	0.554193
2.348143	0.637017	0.569294
2.360189	0.653325	0.584934
2.372245	0.669966	0.601112
2.384312	0.68689	0.617819
2.396391	0.704031	0.635031
2.40848	0.721307	0.652712
2.42058	0.738626	0.670817
2.432691	0.75589	0.689292
2.444814	0.773	0.708078
2.456947	0.789858	0.727116
2.469092	0.806378	0.746348
2.481247	0.822479	0.76572
2.493414	0.838095	0.785186
2.505592	0.853167	0.804702
2.517781	0.867642	0.82423
2.529981	0.881472	0.843729
2.542192	0.894604	0.863155
2.554415	0.906983	0.882457
2.566649	0.918546	0.901568
2.578894	0.929224	0.920411
2.59115	0.938946	0.938893
2.603417	0.947639	0.956907
2.615696	0.955231	0.974337
2.627986	0.961659	0.991055
2.640287	0.96687	1.006933
2.6526	0.970825	1.02184
2.664923	0.9735	1.03565
2.677259	0.974892	1.048249
2.689605	0.975021	1.059538
2.701963	0.973927	1.069441
2.714332	0.971679	1.077908
2.726713	0.968365	1.084925
2.739105	0.964095	1.090509
2.751509	0.958995	1.094711
2.763924	0.953195	1.097614
2.776351	0.946823	1.099316
2.788789	0.939998	1.09993
2.801238	0.932818	1.099563
2.813699	0.925361	1.098316
2.826172	0.91768	1.096268
2.838656	0.909804	1.093482
2.851151	0.901743	1.089996
2.863659	0.893497	1.085832
2.876177	0.885053	1.081
2.888708	0.8764	1.075503
2.90125	0.867526	1.069344
2.913804	0.858426	1.062528
2.926369	0.849102	1.055069
2.938946	0.839564	1.046987
2.951535	0.82983	1.038316
2.964135	0.81993	1.029098
2.976747	0.809898	1.019386
2.989371	0.799777	1.009241
3.002007	0.789614	0.998729
3.014654	0.77946	0.987924
3.027314	0.769368	0.9769
3.039985	0.759393	0.965736
3.052668	0.749589	0.954508
3.065362	0.740007	0.943292
3.078069	0.7307	0.932166
3.090787	0.721719	0.921203
3.103518	0.713113	0.910479
3.11626	0.70493	0.900068
3.129014	0.697215	0.890044
3.14178	0.690011	0.880479
3.154558	0.683352	0.871442
3.167348	0.677264	0.862994
3.18015	0.671762	0.855187
3.192965	0.666845	0.848055
3.205791	0.662497	0.841619
3.218629	0.658686	0.835876
3.231479	0.65536	0.8308
3.244341	0.652457	0.826348
3.257215	0.649898	0.822454
3.270102	0.647601	0.819037
3.283001	0.645477	0.816004
3.295911	0.643439	0.813257
3.308834	0.641406	0.810695
3.321769	0.639302	0.808222
3.334716	0.637064	0.805748
3.347676	0.634641	0.803194
3.360648	0.631994	0.800496
3.373632	0.629104	0.797604
3.386628	0.625966	0.794492
3.399636	0.622594	0.791151
3.412657	0.61902	0.787599
3.42569	0.615291	0.783871
3.438736	0.61147	0.780024
3.451793	0.607623	0.776127
3.464864	0.603821	0.77226
3.477946	0.600131	0.768498
3.491041	0.596611	0.764916
3.504149	0.593309	0.761574
3.517268	0.590258	0.75852
3.530401	0.58748	0.755782
3.543545	0.584987	0.753377
3.556703	0.582783	0.751307
3.569872	0.580867	0.749566
3.583055	0.579233	0.748138
3.59625	0.577873	0.747008
3.609457	0.576777	0.746151
3.622677	0.575925	0.745545
3.63591	0.57529	0.745156
3.649155	0.574835	0.744947
3.662413	0.574514	0.744871
3.675683	0.574269	0.74487
3.688966	0.574043	0.744885
3.702262	0.573774	0.744848
3.715571	0.573408	0.744696
3.728892	0.572901	0.744371
3.742226	0.572218	0.743823
3.755573	0.57134	0.743019
3.768933	0.57026	0.741936
3.782305	0.568982	0.740568
3.79569	0.567521	0.738923
3.809088	0.565895	0.737018
3.822499	0.564128	0.734879
3.835923	0.562247	0.732537
3.84936	0.560276	0.730026
3.862809	0.558239	0.727381
3.876272	0.556158	0.724637
3.889747	0.554052	0.721825
3.903236	0.551937	0.718975
3.916737	0.549828	0.716118
3.930252	0.547737	0.713281
3.943779	0.545676	0.710492
3.95732	0.543656	0.707779
3.970873	0.541686	0.705167
3.98444	0.539776	0.70268
3.99802	0.53793	0.700338
4.011613	0.536154	0.698159
4.025219	0.534451	0.696154
4.038838	0.532824	0.694334
4.05247	0.531274	0.692707
4.066116	0.529804	0.691278
4.079774	0.528414	0.690052
4.093446	0.527102	0.689032
4.107132	0.525864	0.688217
4.12083	0.524686	0.687601
4.134542	0.523549	0.687173
4.148267	0.522429	0.68691
4.162005	0.521292	0.686786
4.175757	0.520105	0.686768
4.189522	0.518829	0.686819
4.203301	0.517431	0.686901
4.217093	0.515877	0.686974
4.230898	0.514135	0.686998
4.244717	0.512177	0.68693
4.25855	0.509977	0.686724
4.272395	0.50751	0.686328
4.286255	0.504756	0.685688
4.300127	0.5017	0.684746
4.314014	0.498334	0.683445
4.327914	0.494661	0.681737
4.341827	0.490695	0.679586
4.355754	0.486462	0.676971
4.369695	0.482	0.673891
4.38365	0.477349	0.670366
4.397618	0.472555	0.666429
4.411599	0.467657	0.662123
4.425595	0.462686	0.657493
4.439604	0.457662	0.652576
4.453627	0.452594	0.647397
4.467664	0.447478	0.641965
4.481714	0.442305	0.636274
4.495779	0.437062	0.630308
4.509857	0.431742	0.624047
4.523949	0.426344	0.617476
4.538054	0.420878	0.610591
4.552174	0.415366	0.603404
4.566308	0.409839	0.595948
4.580455	0.404339	0.588274
4.594617	0.398908	0.580448
4.608792	0.393588	0.572548
4.622982	0.38842	0.56465
4.637185	0.383436	0.556834
4.651403	0.378662	0.549168
4.665635	0.374117	0.541714
4.67988	0.369815	0.534523
4.69414	0.365765	0.527635
4.708414	0.361972	0.521082
4.722702	0.35844	0.514887
4.737004	0.355173	0.509064
4.75132	0.35217	0.503625
4.765651	0.349432	0.498578
4.779996	0.346961	0.493924
4.794355	0.344755	0.489666
4.808728	0.34281	0.485802
4.823116	0.341119	0.482323
4.837517	0.339671	0.479217
4.851934	0.338445	0.476461
4.866364	0.337415	0.474022
4.880809	0.336549	0.471858
4.895268	0.335808	0.469919
4.909742	0.335154	0.46815
4.92423	0.334547	0.466497
4.938733	0.333957	0.464911
4.95325	0.333359	0.463356
4.967782	0.332741	0.461809
4.982328	0.332103	0.460265
4.996889	0.331455	0.458734
5.011464	0.330817	0.457243
5.026054	0.330217	0.455827
5.040658	0.329686	0.454529
5.055277	0.329257	0.453397
5.069911	0.328961	0.452476
5.084559	0.328826	0.451806
5.099222	0.328872	0.451421
5.1139	0.329114	0.451346
5.128593	0.329556	0.451595
5.1433	0.330193	0.452167
5.158022	0.331012	0.453051
5.172759	0.331991	0.454222
5.187511	0.333102	0.455646
5.202277	0.334312	0.45728
5.217059	0.335589	0.459079
5.231855	0.336904	0.460997
5.246667	0.33823	0.462993
5.261493	0.339552	0.465035
5.276334	0.340862	0.467099
5.29119	0.34216	0.469175
5.306062	0.343455	0.471263
5.320948	0.344758	0.473368
5.335849	0.346084	0.475505
5.350766	0.347446	0.477688
5.365697	0.348854	0.479929
5.380644	0.350313	0.482238
5.395605	0.351824	0.484617
5.410582	0.353378	0.487062
5.425575	0.354962	0.489558
5.440582	0.356554	0.492079
5.455604	0.358128	0.49459
5.470642	0.359651	0.497046
5.485696	0.361086	0.499396
5.500764	0.362399	0.501585
5.515848	0.363559	0.503564
5.530947	0.364542	0.505293
5.546062	0.365335	0.506744
5.561191	0.365938	0.50791
5.576337	0.366358	0.508798
5.591498	0.366617	0.509433
5.606674	0.366741	0.509851
5.621866	0.366762	0.510094
5.637073	0.366715	0.510213
5.652296	0.366636	0.510255
5.667534	0.366558	0.510268
5.682789	0.366514	0.510296
5.698058	0.36653	0.510375
5.713343	0.366629	0.510538
5.728644	0.366827	0.510807
5.743961	0.367133	0.511201
5.759294	0.367553	0.511735
5.774642	0.368085	0.51242
5.790006	0.368727	0.513269
5.805385	0.36947	0.514293
5.820781	0.370305	0.515501
5.836192	0.371217	0.516903
5.851619	0.372185	0.518497
5.867062	0.373183	0.52027
5.882521	0.374172	0.522191
5.897996	0.3751	0.524207
5.913487	0.375905	0.526244
5.928994	0.376511	0.528204
5.944517	0.376838	0.529977
5.960056	0.376808	0.531444
5.975611	0.376348	0.532494
5.991182	0.375402	0.533025
6.006769	0.373934	0.53296
6.022372	0.371925	0.532245
6.037992	0.369383	0.530855
6.053627	0.366331	0.528792
6.069279	0.362811	0.52608
6.084947	0.35888	0.522768
6.100632	0.354605	0.518926
6.116332	0.350064	0.514642
6.132049	0.345336	0.510015
6.147782	0.340496	0.50515
6.163532	0.335611	0.500145
6.179298	0.330731	0.495083
6.195081	0.325887	0.490025
6.210879	0.321091	0.485005
6.226695	0.316336	0.480034
6.242527	0.311604	0.475099
6.258375	0.306869	0.470174
6.27424	0.302102	0.465222

