0	0		0		0		0		0		0		0		0		0
0.079297	0		0		0		2.9E-05		5E-05		2.5E-05		0.000126		0.000156		0.000109
0.158594	0		0		0		5.8E-05		0.0001		5E-05		0.000252		0.000312		0.000219
0.237892	0		0		0		8.8E-05		0.000151		7.4E-05		0.000379		0.000469		0.000329
0.317189	0		0		0		0.000117		0.000201		9.9E-05		0.000506		0.000626		0.000439
0.396486	0		0		0		0.000147		0.000253		0.000125		0.000635		0.000785		0.000551
0.475783	0		0		0		0.000177		0.000304		0.00015		0.000764		0.000945		0.000664
0.55508	0		0		0		0.000207		0.000356		0.000175		0.000896		0.001108		0.000778
0.634378	0		1E-06		0		0.000237		0.00041		0.000201		0.001029		0.001272		0.000893
0.713675	0		1E-06		0		0.000268		0.000464		0.000227		0.001165		0.00144		0.001011
0.792972	0		1E-06		0		0.000299		0.000519		0.000253		0.001303		0.001611		0.001131
0.872269	0		1E-06		0		0.000331		0.000575		0.00028		0.001444		0.001786		0.001254
0.951566	1E-06		1E-06		1E-06		0.000364		0.000633		0.000308		0.00159		0.001965		0.00138
1.030864	1E-06		1E-06		1E-06		0.000397		0.000693		0.000336		0.00174		0.00215		0.00151
1.110161	1E-06		1E-06		1E-06		0.000431		0.000755		0.000364		0.001896		0.002342		0.001646
1.189458	1E-06		1E-06		1E-06		0.000467		0.00082		0.000394		0.002058		0.002542		0.001787
1.268755	1E-06		2E-06		1E-06		0.000504		0.000889		0.000425		0.002229		0.002751		0.001935
1.348053	1E-06		2E-06		1E-06		0.000544		0.000962		0.000458		0.00241		0.002972		0.002093
1.42735	1E-06		2E-06		1E-06		0.000586		0.001042		0.000492		0.002605		0.003209		0.002263
1.506647	1E-06		2E-06		1E-06		0.000632		0.00113		0.000531		0.002814		0.00346		0.002447
1.585944	1E-06		2E-06		1E-06		0.000684		0.001226		0.000573		0.00301		0.003688		0.002622
1.665241	1E-06		3E-06		1E-06		0.000737		0.001326		0.000617		0.003176		0.003878		0.002771
1.744539	1E-06		3E-06		1E-06		0.00079		0.001423		0.000661		0.003329		0.004052		0.00291
1.823836	2E-06		4E-06		2E-06		0.000841		0.00152		0.000703		0.003476		0.004217		0.003043
1.903133	2E-06		4E-06		2E-06		0.000893		0.001617		0.000746		0.003619		0.004378		0.003174
1.98243	2E-06		5E-06		2E-06		0.000945		0.001715		0.000788		0.003761		0.004536		0.003304
2.061727	2E-06		6E-06		2E-06		0.000998		0.001817		0.000831		0.003902		0.004691		0.003433
2.141025	3E-06		7E-06		3E-06		0.001053		0.001922		0.000875		0.004043		0.004846		0.003563
2.220322	3E-06		8E-06		3E-06		0.001109		0.002031		0.000921		0.004184		0.005		0.003693
2.299619	3E-06		1E-05		3E-06		0.001166		0.002146		0.000967		0.004326		0.005153		0.003825
2.378916	4E-06		1.2E-05		4E-06		0.001227		0.002267		0.001015		0.004469		0.005306		0.003958
2.458213	4E-06		1.5E-05		4E-06		0.00129		0.002395		0.001065		0.004613		0.005459		0.004092
2.537511	5E-06		2E-05		5E-06		0.001356		0.002532		0.001117		0.004759		0.005613		0.004229
2.616808	6E-06		2.7E-05		6E-06		0.001425		0.002678		0.001171		0.004906		0.005766		0.004367
2.696105	7E-06		3.8E-05		7E-06		0.001499		0.002837		0.001228		0.005055		0.00592		0.004508
2.775402	9E-06		5.8E-05		9E-06		0.001577		0.003008		0.001289		0.005205		0.006073		0.004651
2.854699	1.1E-05		9.8E-05		1.1E-05		0.001661		0.003196		0.001353		0.005358		0.006227		0.004797
2.933997	1.4E-05		0.00019		1.4E-05		0.001752		0.003403		0.001421		0.005513		0.006381		0.004946
3.013294	1.8E-05		0.000409		1.8E-05		0.00185		0.003633		0.001493		0.005669		0.006535		0.005098
3.092591	2.5E-05		0.000588		2.5E-05		0.001957		0.003892		0.001572		0.005828		0.006689		0.005253
3.171888	3.7E-05		0.000329		3.6E-05		0.002075		0.004185		0.001657		0.005989		0.006842		0.005412
3.251185	5.7E-05		0.000154		5.6E-05		0.002207		0.004522		0.00175		0.006153		0.006994		0.005574
3.330483	0.0001		8.3E-05		9.7E-05		0.002355		0.004915		0.001852		0.006318		0.007146		0.00574
3.40978	0.000201		5.1E-05		0.000194		0.002524		0.005379		0.001967		0.006486		0.007296		0.005909
3.489077	0.000425		3.4E-05		0.000414		0.00272		0.005938		0.002096		0.006655		0.007445		0.006082
3.568374	0.000471		2.4E-05		0.000479		0.002953		0.006626		0.002244		0.006827		0.007591		0.00626
3.647671	0.000233		1.8E-05		0.000241		0.003238		0.00749		0.002418		0.007		0.007734		0.006441
3.726969	0.000113		1.4E-05		0.000116		0.003597		0.008593		0.002627		0.007174		0.007873		0.006626
3.806266	6.3E-05		1.1E-05		6.5E-05		0.004075		0.010006		0.002888		0.007349		0.008008		0.006815
3.885563	4E-05		9E-06		4E-05		0.004759		0.011708		0.003236		0.007524		0.008138		0.007008
3.96486	2.7E-05		8E-06		2.7E-05		0.005858		0.013162		0.003746		0.007699		0.008261		0.007204
4.044158	2E-05		6E-06		2E-05		0.007977		0.012375		0.004631		0.007873		0.008375		0.007404
4.123455	1.5E-05		5E-06		1.5E-05		0.01317		0.008031		0.006651		0.008044		0.008481		0.007606
4.202752	1.1E-05		5E-06		1.2E-05		0.023158		0.004186		0.012298		0.008211		0.008575		0.00781
4.282049	9E-06		4E-06		9E-06		0.018515		0.002383		0.024078		0.008374		0.008655		0.008015
4.361346	8E-06		4E-06		8E-06		0.008747		0.001535		0.021634		0.008528		0.008721		0.008219
4.440644	6E-06		3E-06		6E-06		0.004501		0.001079		0.010284		0.008673		0.008768		0.008422
4.519941	5E-06		3E-06		5E-06		0.002665		0.000805		0.005165		0.008805		0.008793		0.008619
4.599238	5E-06		3E-06		5E-06		0.001749		0.000626		0.002994		0.008921		0.008795		0.008809
4.678535	4E-06		2E-06		4E-06		0.001235		0.000503		0.001933		0.009016		0.008768		0.008987
4.757832	3E-06		2E-06		3E-06		0.000918		0.000413		0.001347		0.009085		0.00871		0.009149
4.83713	3E-06		2E-06		3E-06		0.00071		0.000347		0.000991		0.009121		0.008615		0.009289
4.916427	3E-06		2E-06		3E-06		0.000566		0.000295		0.00076		0.009119		0.008479		0.009398
4.995724	2E-06		2E-06		2E-06		0.000462		0.000255		0.000601		0.00907		0.008297		0.009467
5.075021	2E-06		1E-06		2E-06		0.000384		0.000222		0.000488		0.008964		0.008065		0.009484
5.154318	2E-06		1E-06		2E-06		0.000325		0.000196		0.000404		0.008791		0.007778		0.009436
5.233616	2E-06		1E-06		2E-06		0.000278		0.000174		0.00034		0.008543		0.007431		0.009307
5.312913	2E-06		1E-06		2E-06		0.000241		0.000155		0.00029		0.008207		0.007022		0.009079
5.39221	1E-06		1E-06		1E-06		0.000211		0.00014		0.00025		0.007774		0.006547		0.008732
5.471507	1E-06		1E-06		1E-06		0.000186		0.000126		0.000218		0.007237		0.006006		0.008251
5.550804	1E-06		1E-06		1E-06		0.000165		0.000115		0.000192		0.006593		0.005402		0.007621
5.630102	1E-06		1E-06		1E-06		0.000148		0.000105		0.00017		0.005844		0.004739		0.006836
5.709399	1E-06		1E-06		1E-06		0.000133		9.6E-05		0.000152		0.005		0.004024		0.005901
5.788696	1E-06		1E-06		1E-06		0.000121		8.8E-05		0.000137		0.004078		0.003272		0.004841
5.867993	1E-06		1E-06		1E-06		0.00011		8.2E-05		0.000123		0.003112		0.0025		0.003697
5.94729	1E-06		1E-06		1E-06		0.0001		7.5E-05		0.000112		0.002146		0.001736		0.002538
6.026588	1E-06		1E-06		1E-06		9.2E-05		7E-05		0.000102		0.001256		0.00103		0.001469
6.105885	1E-06		1E-06		1E-06		8.4E-05		6.5E-05		9.3E-05		0.00063		0.000528		0.000724
6.185182	1E-06		1E-06		1E-06		7.8E-05		6.1E-05		8.6E-05		0.000393		0.000336		0.000445
6.264479	1E-06		1E-06		1E-06		7.2E-05		5.7E-05		7.9E-05		0.000292		0.000253		0.000326
6.343777	1E-06		0		1E-06		6.7E-05		5.3E-05		7.3E-05		0.000233		0.000204		0.000258
6.423074	1E-06		0		1E-06		6.2E-05		5E-05		6.8E-05		0.000194		0.000171		0.000213
6.502371	1E-06		0		1E-06		5.8E-05		4.7E-05		6.3E-05		0.000165		0.000147		0.00018
6.581668	1E-06		0		1E-06		5.4E-05		4.4E-05		5.9E-05		0.000143		0.000129		0.000156
6.660965	0		0		0		5.1E-05		4.2E-05		5.5E-05		0.000126		0.000114		0.000137
6.740263	0		0		0		4.8E-05		3.9E-05		5.1E-05		0.000113		0.000102		0.000121
6.81956	0		0		0		4.5E-05		3.7E-05		4.8E-05		0.000101		9.2E-05		0.000109
6.898857	0		0		0		4.2E-05		3.5E-05		4.5E-05		9.2E-05		8.4E-05		9.8E-05
6.978154	0		0		0		4E-05		3.4E-05		4.2E-05		8.3E-05		7.7E-05		8.9E-05
7.057451	0		0		0		3.8E-05		3.2E-05		4E-05		7.6E-05		7.1E-05		8.1E-05
7.136749	0		0		0		3.6E-05		3E-05		3.8E-05		7E-05		6.5E-05		7.5E-05
7.216046	0		0		0		3.4E-05		2.9E-05		3.6E-05		6.5E-05		6E-05		6.9E-05
7.295343	0		0		0		3.2E-05		2.8E-05		3.4E-05		6E-05		5.6E-05		6.4E-05
7.37464	0		0		0		3E-05		2.6E-05		3.2E-05		5.6E-05		5.2E-05		5.9E-05
7.453937	0		0		0		2.9E-05		2.5E-05		3E-05		5.2E-05		4.9E-05		5.5E-05
7.533235	0		0		0		2.7E-05		2.4E-05		2.9E-05		4.9E-05		4.6E-05		5.1E-05
7.612532	0		0		0		2.6E-05		2.3E-05		2.8E-05		4.6E-05		4.3E-05		4.8E-05
7.691829	0		0		0		2.5E-05		2.2E-05		2.6E-05		4.3E-05		4.1E-05		4.5E-05
7.771126	0		0		0		2.4E-05		2.1E-05		2.5E-05		4.1E-05		3.8E-05		4.2E-05
7.850423	0		0		0		2.3E-05		2E-05		2.4E-05		3.8E-05		3.6E-05		4E-05
7.929721	0		0		0		2.2E-05		1.9E-05		2.3E-05		3.6E-05		3.4E-05		3.8E-05
8.009018	0		0		0		2.1E-05		1.9E-05		2.2E-05		3.4E-05		3.3E-05		3.6E-05
8.088315	0		0		0		2E-05		1.8E-05		2.1E-05		3.3E-05		3.1E-05		3.4E-05
8.167612	0		0		0		1.9E-05		1.7E-05		2E-05		3.1E-05		2.9E-05		3.2E-05
8.246909	0		0		0		1.8E-05		1.7E-05		1.9E-05		2.9E-05		2.8E-05		3E-05
8.326207	0		0		0		1.8E-05		1.6E-05		1.8E-05		2.8E-05		2.7E-05		2.9E-05
8.405504	0		0		0		1.7E-05		1.5E-05		1.8E-05		2.7E-05		2.5E-05		2.8E-05
8.484801	0		0		0		1.6E-05		1.5E-05		1.7E-05		2.5E-05		2.4E-05		2.6E-05
8.564098	0		0		0		1.6E-05		1.4E-05		1.6E-05		2.4E-05		2.3E-05		2.5E-05
8.643395	0		0		0		1.5E-05		1.4E-05		1.6E-05		2.3E-05		2.2E-05		2.4E-05
8.722693	0		0		0		1.5E-05		1.3E-05		1.5E-05		2.2E-05		2.1E-05		2.3E-05
8.80199	0		0		0		1.4E-05		1.3E-05		1.5E-05		2.1E-05		2E-05		2.2E-05
8.881287	0		0		0		1.4E-05		1.2E-05		1.4E-05		2E-05		2E-05		2.1E-05
8.960584	0		0		0		1.3E-05		1.2E-05		1.3E-05		2E-05		1.9E-05		2E-05
9.039882	0		0		0		1.3E-05		1.2E-05		1.3E-05		1.9E-05		1.8E-05		1.9E-05
9.119179	0		0		0		1.2E-05		1.1E-05		1.3E-05		1.8E-05		1.7E-05		1.9E-05
9.198476	0		0		0		1.2E-05		1.1E-05		1.2E-05		1.7E-05		1.7E-05		1.8E-05
9.277773	0		0		0		1.1E-05		1E-05		1.2E-05		1.7E-05		1.6E-05		1.7E-05
9.35707	0		0		0		1.1E-05		1E-05		1.1E-05		1.6E-05		1.6E-05		1.7E-05
9.436368	0		0		0		1.1E-05		1E-05		1.1E-05		1.6E-05		1.5E-05		1.6E-05
9.515665	0		0		0		1E-05		1E-05		1.1E-05		1.5E-05		1.5E-05		1.5E-05
9.594962	0		0		0		1E-05		9E-06		1E-05		1.4E-05		1.4E-05		1.5E-05
9.674259	0		0		0		1E-05		9E-06		1E-05		1.4E-05		1.4E-05		1.4E-05
9.753556	0		0		0		9E-06		9E-06		1E-05		1.4E-05		1.3E-05		1.4E-05
9.832854	0		0		0		9E-06		8E-06		9E-06		1.3E-05		1.3E-05		1.3E-05
9.912151	0		0		0		9E-06		8E-06		9E-06		1.3E-05		1.2E-05		1.3E-05
9.991448	0		0		0		9E-06		8E-06		9E-06		1.2E-05		1.2E-05		1.2E-05
10.070745	0		0		0		8E-06		8E-06		9E-06		1.2E-05		1.1E-05		1.2E-05
10.150042	0		0		0		8E-06		8E-06		8E-06		1.1E-05		1.1E-05		1.2E-05
10.22934	0		0		0		8E-06		7E-06		8E-06		1.1E-05		1.1E-05		1.1E-05
10.308637	0		0		0		8E-06		7E-06		8E-06		1.1E-05		1E-05		1.1E-05
10.387934	0		0		0		7E-06		7E-06		8E-06		1E-05		1E-05		1.1E-05
10.467231	0		0		0		7E-06		7E-06		7E-06		1E-05		1E-05		1E-05
10.546528	0		0		0		7E-06		7E-06		7E-06		1E-05		1E-05		1E-05
10.625826	0		0		0		7E-06		6E-06		7E-06		1E-05		9E-06		1E-05
10.705123	0		0		0		7E-06		6E-06		7E-06		9E-06		9E-06		9E-06
10.78442	0		0		0		6E-06		6E-06		7E-06		9E-06		9E-06		9E-06
10.863717	0		0		0		6E-06		6E-06		6E-06		9E-06		9E-06		9E-06
10.943014	0		0		0		6E-06		6E-06		6E-06		8E-06		8E-06		9E-06
11.022312	0		0		0		6E-06		6E-06		6E-06		8E-06		8E-06		8E-06
11.101609	0		0		0		6E-06		5E-06		6E-06		8E-06		8E-06		8E-06
11.180906	0		0		0		6E-06		5E-06		6E-06		8E-06		8E-06		8E-06
11.260203	0		0		0		6E-06		5E-06		6E-06		8E-06		7E-06		8E-06
11.339501	0		0		0		5E-06		5E-06		5E-06		7E-06		7E-06		8E-06
11.418798	0		0		0		5E-06		5E-06		5E-06		7E-06		7E-06		7E-06
11.498095	0		0		0		5E-06		5E-06		5E-06		7E-06		7E-06		7E-06
11.577392	0		0		0		5E-06		5E-06		5E-06		7E-06		7E-06		7E-06
11.656689	0		0		0		5E-06		5E-06		5E-06		7E-06		7E-06		7E-06
11.735987	0		0		0		5E-06		5E-06		5E-06		6E-06		6E-06		7E-06
11.815284	0		0		0		5E-06		4E-06		5E-06		6E-06		6E-06		6E-06
11.894581	0		0		0		5E-06		4E-06		5E-06		6E-06		6E-06		6E-06
11.973878	0		0		0		4E-06		4E-06		5E-06		6E-06		6E-06		6E-06
12.053175	0		0		0		4E-06		4E-06		4E-06		6E-06		6E-06		6E-06
12.132473	0		0		0		4E-06		4E-06		4E-06		6E-06		6E-06		6E-06
12.21177	0		0		0		4E-06		4E-06		4E-06		6E-06		6E-06		6E-06
12.291067	0		0		0		4E-06		4E-06		4E-06		5E-06		5E-06		6E-06
12.370364	0		0		0		4E-06		4E-06		4E-06		5E-06		5E-06		5E-06
12.449661	0		0		0		4E-06		4E-06		4E-06		5E-06		5E-06		5E-06
12.528959	0		0		0		4E-06		4E-06		4E-06		5E-06		5E-06		5E-06
12.608256	0		0		0		4E-06		4E-06		4E-06		5E-06		5E-06		5E-06
12.687553	0		0		0		4E-06		3E-06		4E-06		5E-06		5E-06		5E-06
12.76685	0		0		0		4E-06		3E-06		4E-06		5E-06		5E-06		5E-06
12.846147	0		0		0		3E-06		3E-06		4E-06		5E-06		5E-06		5E-06
12.925445	0		0		0		3E-06		3E-06		3E-06		5E-06		4E-06		5E-06
13.004742	0		0		0		3E-06		3E-06		3E-06		4E-06		4E-06		5E-06
13.084039	0		0		0		3E-06		3E-06		3E-06		4E-06		4E-06		4E-06
13.163336	0		0		0		3E-06		3E-06		3E-06		4E-06		4E-06		4E-06
13.242633	0		0		0		3E-06		3E-06		3E-06		4E-06		4E-06		4E-06
13.321931	0		0		0		3E-06		3E-06		3E-06		4E-06		4E-06		4E-06
13.401228	0		0		0		3E-06		3E-06		3E-06		4E-06		4E-06		4E-06
13.480525	0		0		0		3E-06		3E-06		3E-06		4E-06		4E-06		4E-06
13.559822	0		0		0		3E-06		3E-06		3E-06		4E-06		4E-06		4E-06
13.63912	0		0		0		3E-06		3E-06		3E-06		4E-06		4E-06		4E-06
13.718417	0		0		0		3E-06		3E-06		3E-06		4E-06		4E-06		4E-06
13.797714	0		0		0		3E-06		3E-06		3E-06		4E-06		4E-06		4E-06
13.877011	0		0		0		3E-06		3E-06		3E-06		4E-06		4E-06		4E-06
13.956308	0		0		0		3E-06		3E-06		3E-06		3E-06		3E-06		4E-06
14.035606	0		0		0		3E-06		2E-06		3E-06		3E-06		3E-06		3E-06
14.114903	0		0		0		3E-06		2E-06		3E-06		3E-06		3E-06		3E-06
14.1942	0		0		0		2E-06		2E-06		3E-06		3E-06		3E-06		3E-06
14.273497	0		0		0		2E-06		2E-06		2E-06		3E-06		3E-06		3E-06
14.352794	0		0		0		2E-06		2E-06		2E-06		3E-06		3E-06		3E-06
14.432092	0		0		0		2E-06		2E-06		2E-06		3E-06		3E-06		3E-06
14.511389	0		0		0		2E-06		2E-06		2E-06		3E-06		3E-06		3E-06
14.590686	0		0		0		2E-06		2E-06		2E-06		3E-06		3E-06		3E-06
14.669983	0		0		0		2E-06		2E-06		2E-06		3E-06		3E-06		3E-06
14.74928	0		0		0		2E-06		2E-06		2E-06		3E-06		3E-06		3E-06
14.828578	0		0		0		2E-06		2E-06		2E-06		3E-06		3E-06		3E-06
14.907875	0		0		0		2E-06		2E-06		2E-06		3E-06		3E-06		3E-06
14.987172	0		0		0		2E-06		2E-06		2E-06		3E-06		3E-06		3E-06
15.066469	0		0		0		2E-06		2E-06		2E-06		3E-06		3E-06		3E-06
15.145766	0		0		0		2E-06		2E-06		2E-06		3E-06		3E-06		3E-06
15.225064	0		0		0		2E-06		2E-06		2E-06		3E-06		3E-06		3E-06
15.304361	0		0		0		2E-06		2E-06		2E-06		3E-06		3E-06		3E-06
15.383658	0		0		0		2E-06		2E-06		2E-06		2E-06		2E-06		3E-06
15.462955	0		0		0		2E-06		2E-06		2E-06		2E-06		2E-06		2E-06
15.542252	0		0		0		2E-06		2E-06		2E-06		2E-06		2E-06		2E-06
15.62155	0		0		0		2E-06		2E-06		2E-06		2E-06		2E-06		2E-06
15.700847	0		0		0		2E-06		2E-06		2E-06		2E-06		2E-06		2E-06
15.780144	0		0		0		2E-06		2E-06		2E-06		2E-06		2E-06		2E-06
15.859441	0		0		0		2E-06		2E-06		2E-06		2E-06		2E-06		2E-06

