0	0		0				0		0				0		0
0.156535	0		0				4.2E-05		6.6E-05				1E-05		1.2E-05
0.313069	0		0				8.4E-05		0.000132				2E-05		2.4E-05
0.469604	0		0				0.000126		0.000198				2.9E-05		3.6E-05
0.626139	0		0				0.000169		0.000264				3.9E-05		4.8E-05
0.782673	0		0				0.000211		0.000331				4.9E-05		6E-05
0.939208	0		0				0.000254		0.000399				5.8E-05		7.1E-05
1.095743	0		0				0.000298		0.000467				6.8E-05		8.3E-05
1.252277	0		0				0.000341		0.000536				7.7E-05		9.4E-05
1.408812	1E-06		1E-06				0.000386		0.000607				8.5E-05		0.000105
1.565347	1E-06		1E-06				0.000431		0.000678				9.4E-05		0.000115
1.721881	1E-06		1E-06				0.000476		0.000752				0.000102		0.000125
1.878416	1E-06		1E-06				0.000523		0.000827				0.000109		0.000135
2.034951	1E-06		1E-06				0.000571		0.000905				0.000116		0.000144
2.191485	1E-06		1E-06				0.00062		0.000985				0.000122		0.000152
2.34802	1E-06		1E-06				0.000671		0.001069				0.000129		0.000161
2.504555	1E-06		1E-06				0.000724		0.001158				0.000138		0.000172
2.661089	1E-06		1E-06				0.00078		0.001252				0.000146		0.000183
2.817624	2E-06		2E-06				0.000841		0.001355				0.000152		0.000192
2.974159	2E-06		2E-06				0.000909		0.001472				0.000157		0.000198
3.130693	2E-06		2E-06				0.00099		0.001609				0.000158		0.000201
3.287228	2E-06		2E-06				0.001072		0.001747				0.000156		0.000199
3.443763	3E-06		3E-06				0.00115		0.001877				0.00015		0.000192
3.600297	3E-06		3E-06				0.001226		0.002004				0.000137		0.000177
3.756832	4E-06		4E-06				0.001301		0.002131				0.000114		0.000149
3.913367	4E-06		4E-06				0.001377		0.00226				8.6E-05		0.000114
4.069901	5E-06		5E-06				0.001454		0.002392				7.8E-05		0.000106
4.226436	6E-06		6E-06				0.001532		0.002529				8.3E-05		0.000115
4.382971	7E-06		7E-06				0.001613		0.002672				9.4E-05		0.000132
4.539505	9E-06		9E-06				0.001697		0.002821				0.000108		0.000157
4.69604	1.1E-05		1.2E-05				0.001784		0.002978				0.000128		0.000191
4.852575	1.5E-05		1.6E-05				0.001875		0.003144				0.000153		0.000238
5.009109	2.1E-05		2.2E-05				0.00197		0.003322				0.000188		0.000307
5.165644	3E-05		3.2E-05				0.00207		0.003512				0.000237		0.000411
5.322179	4.8E-05		5.1E-05				0.002176		0.003716				0.000307		0.000577
5.478713	8.8E-05		9.4E-05				0.002289		0.003938				0.000414		0.000869
5.635248	0.000202		0.000222				0.00241		0.004181				0.000588		0.001448
5.791783	0.000721		0.000829				0.00254		0.004448				0.000899		0.002855
5.948317	0.001475		0.001333				0.002681		0.004746				0.001532		0.007654
6.104852	0.000355		0.000319				0.002834		0.005079				0.003139		0.03199
6.261387	0.000128		0.00012				0.003002		0.005459				0.009069		0.019228
6.417921	6.4E-05		6.1E-05				0.003189		0.005895				0.036343		0.005183
6.574456	3.8E-05		3.6E-05				0.003398		0.006406				0.01425		0.002202
6.730991	2.5E-05		2.4E-05				0.003635		0.007014				0.004196		0.001196
6.887525	1.8E-05		1.7E-05				0.003909		0.007756				0.001879		0.000747
7.04406	1.3E-05		1.3E-05				0.004231		0.008685				0.00105		0.000509
7.200595	1E-05		1E-05				0.004618		0.009891				0.000667		0.000369
7.357129	8E-06		8E-06				0.0051		0.011523				0.00046		0.000279
7.513664	7E-06		6E-06				0.005728		0.013854				0.000336		0.000218
7.670199	5E-06		5E-06				0.006602		0.017372				0.000256		0.000175
7.826733	5E-06		5E-06				0.007968		0.022666				0.000201		0.000144
7.983268	4E-06		4E-06				0.010657		0.026753				0.000162		0.00012
8.139803	3E-06		3E-06				0.020061		0.01457				0.000134		0.000102
8.296337	3E-06		3E-06				0.06279		0.00462				0.000112		8.7E-05
8.452872	3E-06		3E-06				0.020025		0.002182				9.5E-05		7.6E-05
8.609407	2E-06		2E-06				0.006408		0.001303				8.2E-05		6.6E-05
8.765941	2E-06		2E-06				0.003039		0.00088				7.1E-05		5.8E-05
8.922476	2E-06		2E-06				0.001769		0.00064				6.2E-05		5.2E-05
9.079011	2E-06		2E-06				0.001161		0.00049				5.5E-05		4.6E-05
9.235545	1E-06		1E-06				0.000822		0.000388				4.9E-05		4.1E-05
9.39208	1E-06		1E-06				0.000614		0.000316				4.3E-05		3.7E-05
9.548615	1E-06		1E-06				0.000477		0.000263				3.9E-05		3.4E-05
9.705149	1E-06		1E-06				0.000382		0.000223				3.5E-05		3.1E-05
9.861684	1E-06		1E-06				0.000313		0.000191				3.2E-05		2.8E-05
10.018219	1E-06		1E-06				0.000261		0.000166				2.9E-05		2.6E-05
10.174753	1E-06		1E-06				0.000221		0.000146				2.7E-05		2.4E-05
10.331288	1E-06		1E-06				0.00019		0.000129				2.5E-05		2.2E-05
10.487823	1E-06		1E-06				0.000165		0.000115				2.3E-05		2E-05
10.644357	1E-06		1E-06				0.000145		0.000103				2.1E-05		1.9E-05
10.800892	1E-06		1E-06				0.000128		9.3E-05				1.9E-05		1.8E-05
10.957427	1E-06		1E-06				0.000114		8.5E-05				1.8E-05		1.6E-05
11.113961	1E-06		1E-06				0.000102		7.7E-05				1.7E-05		1.5E-05
11.270496	1E-06		1E-06				9.2E-05		7E-05				1.6E-05		1.4E-05
11.427031	1E-06		1E-06				8.4E-05		6.5E-05				1.5E-05		1.3E-05
11.583565	0		0				7.6E-05		6E-05				1.4E-05		1.3E-05
11.7401	0		0				7E-05		5.5E-05				1.3E-05		1.2E-05
11.896635	0		0				6.4E-05		5.1E-05				1.2E-05		1.1E-05
12.053169	0		0				5.9E-05		4.8E-05				1.1E-05		1.1E-05
12.209704	0		0				5.4E-05		4.4E-05				1.1E-05		1E-05
12.366239	0		0				5E-05		4.1E-05				1E-05		9E-06
12.522773	0		0				4.7E-05		3.9E-05				1E-05		9E-06
12.679308	0		0				4.3E-05		3.6E-05				9E-06		9E-06
12.835843	0		0				4.1E-05		3.4E-05				9E-06		8E-06
12.992377	0		0				3.8E-05		3.2E-05				8E-06		8E-06
13.148912	0		0				3.6E-05		3E-05				8E-06		7E-06
13.305447	0		0				3.3E-05		2.9E-05				7E-06		7E-06
13.461981	0		0				3.1E-05		2.7E-05				7E-06		7E-06
13.618516	0		0				3E-05		2.6E-05				7E-06		6E-06
13.775051	0		0				2.8E-05		2.4E-05				6E-06		6E-06
13.931585	0		0				2.6E-05		2.3E-05				6E-06		6E-06
14.08812	0		0				2.5E-05		2.2E-05				6E-06		6E-06
14.244655	0		0				2.4E-05		2.1E-05				6E-06		5E-06
14.401189	0		0				2.2E-05		2E-05				5E-06		5E-06
14.557724	0		0				2.1E-05		1.9E-05				5E-06		5E-06
14.714259	0		0				2E-05		1.8E-05				5E-06		5E-06
14.870793	0		0				1.9E-05		1.7E-05				5E-06		4E-06
15.027328	0		0				1.8E-05		1.7E-05				4E-06		4E-06
15.183863	0		0				1.8E-05		1.6E-05				4E-06		4E-06
15.340397	0		0				1.7E-05		1.5E-05				4E-06		4E-06
15.496932	0		0				1.6E-05		1.5E-05				4E-06		4E-06
15.653467	0		0				1.5E-05		1.4E-05				4E-06		4E-06
15.810001	0		0				1.5E-05		1.3E-05				4E-06		4E-06
15.966536	0		0				1.4E-05		1.3E-05				4E-06		3E-06
16.123071	0		0				1.4E-05		1.2E-05				3E-06		3E-06
16.279605	0		0				1.3E-05		1.2E-05				3E-06		3E-06
16.43614	0		0				1.2E-05		1.1E-05				3E-06		3E-06
16.592675	0		0				1.2E-05		1.1E-05				3E-06		3E-06
16.749209	0		0				1.2E-05		1.1E-05				3E-06		3E-06
16.905744	0		0				1.1E-05		1E-05				3E-06		3E-06
17.062279	0		0				1.1E-05		1E-05				3E-06		3E-06
17.218813	0		0				1E-05		1E-05				3E-06		3E-06
17.375348	0		0				1E-05		9E-06				3E-06		3E-06
17.531883	0		0				1E-05		9E-06				3E-06		2E-06
17.688417	0		0				9E-06		9E-06				2E-06		2E-06
17.844952	0		0				9E-06		8E-06				2E-06		2E-06
18.001487	0		0				9E-06		8E-06				2E-06		2E-06
18.158021	0		0				8E-06		8E-06				2E-06		2E-06
18.314556	0		0				8E-06		8E-06				2E-06		2E-06
18.471091	0		0				8E-06		7E-06				2E-06		2E-06
18.627625	0		0				8E-06		7E-06				2E-06		2E-06
18.78416	0		0				7E-06		7E-06				2E-06		2E-06
18.940695	0		0				7E-06		7E-06				2E-06		2E-06
19.097229	0		0				7E-06		6E-06				2E-06		2E-06
19.253764	0		0				7E-06		6E-06				2E-06		2E-06
19.410299	0		0				6E-06		6E-06				2E-06		2E-06
19.566833	0		0				6E-06		6E-06				2E-06		2E-06
19.723368	0		0				6E-06		6E-06				2E-06		2E-06
19.879903	0		0				6E-06		6E-06				2E-06		2E-06
20.036437	0		0				6E-06		5E-06				2E-06		2E-06
20.192972	0		0				6E-06		5E-06				2E-06		1E-06
20.349507	0		0				5E-06		5E-06				1E-06		1E-06
20.506041	0		0				5E-06		5E-06				1E-06		1E-06
20.662576	0		0				5E-06		5E-06				1E-06		1E-06
20.819111	0		0				5E-06		5E-06				1E-06		1E-06
20.975645	0		0				5E-06		5E-06				1E-06		1E-06
21.13218	0		0				5E-06		4E-06				1E-06		1E-06
21.288715	0		0				5E-06		4E-06				1E-06		1E-06
21.445249	0		0				4E-06		4E-06				1E-06		1E-06
21.601784	0		0				4E-06		4E-06				1E-06		1E-06
21.758319	0		0				4E-06		4E-06				1E-06		1E-06
21.914854	0		0				4E-06		4E-06				1E-06		1E-06
22.071388	0		0				4E-06		4E-06				1E-06		1E-06
22.227923	0		0				4E-06		4E-06				1E-06		1E-06
22.384458	0		0				4E-06		4E-06				1E-06		1E-06
22.540992	0		0				4E-06		4E-06				1E-06		1E-06
22.697527	0		0				4E-06		3E-06				1E-06		1E-06
22.854062	0		0				4E-06		3E-06				1E-06		1E-06
23.010596	0		0				3E-06		3E-06				1E-06		1E-06
23.167131	0		0				3E-06		3E-06				1E-06		1E-06
23.323666	0		0				3E-06		3E-06				1E-06		1E-06
23.4802	0		0				3E-06		3E-06				1E-06		1E-06
23.636735	0		0				3E-06		3E-06				1E-06		1E-06
23.79327	0		0				3E-06		3E-06				1E-06		1E-06
23.949804	0		0				3E-06		3E-06				1E-06		1E-06
24.106339	0		0				3E-06		3E-06				1E-06		1E-06
24.262874	0		0				3E-06		3E-06				1E-06		1E-06
24.419408	0		0				3E-06		3E-06				1E-06		1E-06
24.575943	0		0				3E-06		3E-06				1E-06		1E-06
24.732478	0		0				3E-06		3E-06				1E-06		1E-06
24.889012	0		0				3E-06		3E-06				1E-06		1E-06
25.045547	0		0				3E-06		2E-06				1E-06		1E-06
25.202082	0		0				3E-06		2E-06				1E-06		1E-06
25.358616	0		0				2E-06		2E-06				1E-06		1E-06
25.515151	0		0				2E-06		2E-06				1E-06		1E-06
25.671686	0		0				2E-06		2E-06				1E-06		1E-06
25.82822	0		0				2E-06		2E-06				1E-06		1E-06
25.984755	0		0				2E-06		2E-06				1E-06		1E-06
26.14129	0		0				2E-06		2E-06				1E-06		1E-06
26.297824	0		0				2E-06		2E-06				1E-06		1E-06
26.454359	0		0				2E-06		2E-06				1E-06		1E-06
26.610894	0		0				2E-06		2E-06				1E-06		1E-06
26.767428	0		0				2E-06		2E-06				1E-06		1E-06
26.923963	0		0				2E-06		2E-06				1E-06		1E-06
27.080498	0		0				2E-06		2E-06				1E-06		1E-06
27.237032	0		0				2E-06		2E-06				1E-06		1E-06
27.393567	0		0				2E-06		2E-06				1E-06		1E-06
27.550102	0		0				2E-06		2E-06				1E-06		1E-06
27.706636	0		0				2E-06		2E-06				1E-06		1E-06
27.863171	0		0				2E-06		2E-06				1E-06		1E-06
28.019706	0		0				2E-06		2E-06				1E-06		1E-06
28.17624	0		0				2E-06		2E-06				1E-06		1E-06
28.332775	0		0				2E-06		2E-06				0		0
28.48931	0		0				2E-06		2E-06				0		0
28.645844	0		0				2E-06		2E-06				0		0
28.802379	0		0				2E-06		2E-06				0		0
28.958914	0		0				2E-06		2E-06				0		0
29.115448	0		0				2E-06		2E-06				0		0
29.271983	0		0				2E-06		1E-06				0		0
29.428518	0		0				1E-06		1E-06				0		0
29.585052	0		0				1E-06		1E-06				0		0
29.741587	0		0				1E-06		1E-06				0		0
29.898122	0		0				1E-06		1E-06				0		0
30.054656	0		0				1E-06		1E-06				0		0
30.211191	0		0				1E-06		1E-06				0		0
30.367726	0		0				1E-06		1E-06				0		0
30.52426	0		0				1E-06		1E-06				0		0
30.680795	0		0				1E-06		1E-06				0		0
30.83733	0		0				1E-06		1E-06				0		0
30.993864	0		0				1E-06		1E-06				0		0
31.150399	0		0				1E-06		1E-06				0		0
31.306934	0		0				1E-06		1E-06				0		0

