0	0		0		0		0		0		0		0		0		0
0.156535	0		0		0		6.6E-05		0.000107		5.7E-05		0.000126		0.000156		0.000109
0.313069	0		0		0		0.000132		0.000215		0.000113		0.000252		0.000312		0.000219
0.469604	0		0		0		0.000198		0.000322		0.00017		0.000379		0.000469		0.000329
0.626139	0		0		0		0.000264		0.000431		0.000227		0.000506		0.000626		0.000439
0.782673	0		1E-06		0		0.000331		0.000541		0.000285		0.000635		0.000785		0.000551
0.939208	0		1E-06		0		0.000399		0.000652		0.000343		0.000764		0.000945		0.000664
1.095743	0		1E-06		0		0.000467		0.000764		0.000401		0.000896		0.001108		0.000778
1.252277	0		1E-06		0		0.000536		0.000879		0.000461		0.001029		0.001272		0.000893
1.408812	1E-06		1E-06		1E-06		0.000607		0.000995		0.000521		0.001165		0.00144		0.001011
1.565347	1E-06		1E-06		1E-06		0.000678		0.001115		0.000582		0.001303		0.001611		0.001131
1.721881	1E-06		1E-06		1E-06		0.000752		0.001238		0.000645		0.001444		0.001786		0.001254
1.878416	1E-06		1E-06		1E-06		0.000827		0.001365		0.000709		0.00159		0.001965		0.00138
2.034951	1E-06		2E-06		1E-06		0.000905		0.001497		0.000775		0.00174		0.00215		0.00151
2.191485	1E-06		2E-06		1E-06		0.000985		0.001634		0.000843		0.001896		0.002342		0.001646
2.34802	1E-06		2E-06		1E-06		0.001069		0.001779		0.000914		0.002058		0.002542		0.001787
2.504555	1E-06		3E-06		1E-06		0.001158		0.001932		0.000989		0.002229		0.002751		0.001935
2.661089	1E-06		3E-06		1E-06		0.001252		0.002098		0.001068		0.00241		0.002972		0.002093
2.817624	2E-06		3E-06		2E-06		0.001355		0.002279		0.001155		0.002605		0.003209		0.002263
2.974159	2E-06		4E-06		2E-06		0.001472		0.002486		0.001252		0.002814		0.00346		0.002447
3.130693	2E-06		5E-06		2E-06		0.001609		0.002725		0.001367		0.00301		0.003688		0.002622
3.287228	2E-06		5E-06		2E-06		0.001747		0.002958		0.001483		0.003176		0.003878		0.002771
3.443763	3E-06		7E-06		3E-06		0.001877		0.003175		0.001593		0.003329		0.004052		0.00291
3.600297	3E-06		8E-06		3E-06		0.002004		0.003387		0.0017		0.003476		0.004217		0.003043
3.756832	4E-06		1E-05		4E-06		0.002131		0.003599		0.001807		0.003619		0.004378		0.003174
3.913367	4E-06		1.3E-05		4E-06		0.00226		0.003814		0.001915		0.003761		0.004536		0.003304
4.069901	5E-06		1.7E-05		5E-06		0.002392		0.004035		0.002026		0.003902		0.004691		0.003433
4.226436	6E-06		2.3E-05		6E-06		0.002529		0.004265		0.00214		0.004043		0.004846		0.003563
4.382971	7E-06		3.4E-05		7E-06		0.002672		0.004503		0.002259		0.004184		0.005		0.003693
4.539505	9E-06		5.4E-05		9E-06		0.002821		0.004754		0.002382		0.004326		0.005153		0.003825
4.69604	1.2E-05		9.6E-05		1.2E-05		0.002978		0.005017		0.002512		0.004469		0.005306		0.003958
4.852575	1.6E-05		0.000216		1.5E-05		0.003144		0.005297		0.002649		0.004613		0.005459		0.004092
5.009109	2.2E-05		0.00074		2.1E-05		0.003322		0.005594		0.002795		0.004759		0.005613		0.004229
5.165644	3.2E-05		0.001818		3.1E-05		0.003512		0.005912		0.002949		0.004906		0.005766		0.004367
5.322179	5.1E-05		0.00045		5E-05		0.003716		0.006253		0.003116		0.005055		0.00592		0.004508
5.478713	9.4E-05		0.000157		9.1E-05		0.003938		0.006622		0.003295		0.005205		0.006073		0.004651
5.635248	0.000222		7.7E-05		0.000214		0.004181		0.007022		0.00349		0.005358		0.006227		0.004797
5.791783	0.000829		4.5E-05		0.000784		0.004448		0.007458		0.003704		0.005513		0.006381		0.004946
5.948317	0.001333		3E-05		0.001391		0.004746		0.007936		0.003939		0.005669		0.006535		0.005098
6.104852	0.000319		2.1E-05		0.000333		0.005079		0.008462		0.004202		0.005828		0.006689		0.005253
6.261387	0.00012		1.5E-05		0.000123		0.005459		0.009043		0.004499		0.005989		0.006842		0.005412
6.417921	6.1E-05		1.2E-05		6.2E-05		0.005895		0.009686		0.004838		0.006153		0.006994		0.005574
6.574456	3.6E-05		9E-06		3.7E-05		0.006406		0.010397		0.00523		0.006318		0.007146		0.00574
6.730991	2.4E-05		8E-06		2.5E-05		0.007014		0.011179		0.005693		0.006486		0.007296		0.005909
6.887525	1.7E-05		6E-06		1.7E-05		0.007756		0.012025		0.006253		0.006655		0.007445		0.006082
7.04406	1.3E-05		5E-06		1.3E-05		0.008685		0.012905		0.006947		0.006827		0.007591		0.00626
7.200595	1E-05		5E-06		1E-05		0.009891		0.013745		0.007841		0.007		0.007734		0.006441
7.357129	8E-06		4E-06		8E-06		0.011523		0.014374		0.009047		0.007174		0.007873		0.006626
7.513664	6E-06		3E-06		7E-06		0.013854		0.014455		0.010788		0.007349		0.008008		0.006815
7.670199	5E-06		3E-06		5E-06		0.017372		0.013454		0.013551		0.007524		0.008138		0.007008
7.826733	5E-06		3E-06		5E-06		0.022666		0.010854		0.018605		0.007699		0.008261		0.007204
7.983268	4E-06		2E-06		4E-06		0.026753		0.006874		0.029279		0.007873		0.008375		0.007404
8.139803	3E-06		2E-06		3E-06		0.01457		0.003094		0.032027		0.008044		0.008481		0.007606
8.296337	3E-06		2E-06		3E-06		0.00462		0.001394		0.009032		0.008211		0.008575		0.00781
8.452872	3E-06		2E-06		3E-06		0.002182		0.000847		0.003542		0.008374		0.008655		0.008015
8.609407	2E-06		2E-06		2E-06		0.001303		0.000593		0.001903		0.008528		0.008721		0.008219
8.765941	2E-06		1E-06		2E-06		0.00088		0.000447		0.001202		0.008673		0.008768		0.008422
8.922476	2E-06		1E-06		2E-06		0.00064		0.000353		0.000835		0.008805		0.008793		0.008619
9.079011	2E-06		1E-06		2E-06		0.00049		0.000288		0.000617		0.008921		0.008795		0.008809
9.235545	1E-06		1E-06		1E-06		0.000388		0.00024		0.000477		0.009016		0.008768		0.008987
9.39208	1E-06		1E-06		1E-06		0.000316		0.000204		0.00038		0.009085		0.00871		0.009149
9.548615	1E-06		1E-06		1E-06		0.000263		0.000176		0.000311		0.009121		0.008615		0.009289
9.705149	1E-06		1E-06		1E-06		0.000223		0.000154		0.00026		0.009119		0.008479		0.009398
9.861684	1E-06		1E-06		1E-06		0.000191		0.000135		0.00022		0.00907		0.008297		0.009467
10.018219	1E-06		1E-06		1E-06		0.000166		0.00012		0.000189		0.008964		0.008065		0.009484
10.174753	1E-06		1E-06		1E-06		0.000146		0.000108		0.000165		0.008791		0.007778		0.009436
10.331288	1E-06		1E-06		1E-06		0.000129		9.7E-05		0.000145		0.008543		0.007431		0.009307
10.487823	1E-06		1E-06		1E-06		0.000115		8.8E-05		0.000128		0.008207		0.007022		0.009079
10.644357	1E-06		1E-06		1E-06		0.000103		8E-05		0.000114		0.007774		0.006547		0.008732
10.800892	1E-06		1E-06		1E-06		9.3E-05		7.3E-05		0.000102		0.007237		0.006006		0.008251
10.957427	1E-06		1E-06		1E-06		8.5E-05		6.7E-05		9.2E-05		0.006593		0.005402		0.007621
11.113961	1E-06		0		1E-06		7.7E-05		6.2E-05		8.4E-05		0.005844		0.004739		0.006836
11.270496	1E-06		0		1E-06		7E-05		5.7E-05		7.6E-05		0.005		0.004024		0.005901
11.427031	1E-06		0		1E-06		6.5E-05		5.3E-05		7E-05		0.004078		0.003272		0.004841
11.583565	0		0		0		6E-05		4.9E-05		6.4E-05		0.003112		0.0025		0.003697
11.7401	0		0		0		5.5E-05		4.6E-05		5.9E-05		0.002146		0.001736		0.002538
11.896635	0		0		0		5.1E-05		4.3E-05		5.5E-05		0.001256		0.00103		0.001469
12.053169	0		0		0		4.8E-05		4E-05		5.1E-05		0.00063		0.000528		0.000724
12.209704	0		0		0		4.4E-05		3.8E-05		4.7E-05		0.000393		0.000336		0.000445
12.366239	0		0		0		4.1E-05		3.5E-05		4.4E-05		0.000292		0.000253		0.000326
12.522773	0		0		0		3.9E-05		3.3E-05		4.1E-05		0.000233		0.000204		0.000258
12.679308	0		0		0		3.6E-05		3.1E-05		3.8E-05		0.000194		0.000171		0.000213
12.835843	0		0		0		3.4E-05		3E-05		3.6E-05		0.000165		0.000147		0.00018
12.992377	0		0		0		3.2E-05		2.8E-05		3.4E-05		0.000143		0.000129		0.000156
13.148912	0		0		0		3E-05		2.7E-05		3.2E-05		0.000126		0.000114		0.000137
13.305447	0		0		0		2.9E-05		2.5E-05		3E-05		0.000113		0.000102		0.000121
13.461981	0		0		0		2.7E-05		2.4E-05		2.8E-05		0.000101		9.2E-05		0.000109
13.618516	0		0		0		2.6E-05		2.3E-05		2.7E-05		9.2E-05		8.4E-05		9.8E-05
13.775051	0		0		0		2.4E-05		2.2E-05		2.5E-05		8.3E-05		7.7E-05		8.9E-05
13.931585	0		0		0		2.3E-05		2.1E-05		2.4E-05		7.6E-05		7.1E-05		8.1E-05
14.08812	0		0		0		2.2E-05		2E-05		2.3E-05		7E-05		6.5E-05		7.5E-05
14.244655	0		0		0		2.1E-05		1.9E-05		2.2E-05		6.5E-05		6E-05		6.9E-05
14.401189	0		0		0		2E-05		1.8E-05		2.1E-05		6E-05		5.6E-05		6.4E-05
14.557724	0		0		0		1.9E-05		1.7E-05		2E-05		5.6E-05		5.2E-05		5.9E-05
14.714259	0		0		0		1.8E-05		1.6E-05		1.9E-05		5.2E-05		4.9E-05		5.5E-05
14.870793	0		0		0		1.7E-05		1.6E-05		1.8E-05		4.9E-05		4.6E-05		5.1E-05
15.027328	0		0		0		1.7E-05		1.5E-05		1.7E-05		4.6E-05		4.3E-05		4.8E-05
15.183863	0		0		0		1.6E-05		1.4E-05		1.6E-05		4.3E-05		4.1E-05		4.5E-05
15.340397	0		0		0		1.5E-05		1.4E-05		1.6E-05		4.1E-05		3.8E-05		4.2E-05
15.496932	0		0		0		1.5E-05		1.3E-05		1.5E-05		3.8E-05		3.6E-05		4E-05
15.653467	0		0		0		1.4E-05		1.3E-05		1.4E-05		3.6E-05		3.4E-05		3.8E-05
15.810001	0		0		0		1.3E-05		1.2E-05		1.4E-05		3.4E-05		3.3E-05		3.6E-05
15.966536	0		0		0		1.3E-05		1.2E-05		1.3E-05		3.3E-05		3.1E-05		3.4E-05
16.123071	0		0		0		1.2E-05		1.1E-05		1.3E-05		3.1E-05		2.9E-05		3.2E-05
16.279605	0		0		0		1.2E-05		1.1E-05		1.2E-05		2.9E-05		2.8E-05		3E-05
16.43614	0		0		0		1.1E-05		1.1E-05		1.2E-05		2.8E-05		2.7E-05		2.9E-05
16.592675	0		0		0		1.1E-05		1E-05		1.1E-05		2.7E-05		2.5E-05		2.8E-05
16.749209	0		0		0		1.1E-05		1E-05		1.1E-05		2.5E-05		2.4E-05		2.6E-05
16.905744	0		0		0		1E-05		1E-05		1E-05		2.4E-05		2.3E-05		2.5E-05
17.062279	0		0		0		1E-05		9E-06		1E-05		2.3E-05		2.2E-05		2.4E-05
17.218813	0		0		0		1E-05		9E-06		1E-05		2.2E-05		2.1E-05		2.3E-05
17.375348	0		0		0		9E-06		9E-06		9E-06		2.1E-05		2E-05		2.2E-05
17.531883	0		0		0		9E-06		8E-06		9E-06		2E-05		2E-05		2.1E-05
17.688417	0		0		0		9E-06		8E-06		9E-06		2E-05		1.9E-05		2E-05
17.844952	0		0		0		8E-06		8E-06		8E-06		1.9E-05		1.8E-05		1.9E-05
18.001487	0		0		0		8E-06		8E-06		8E-06		1.8E-05		1.7E-05		1.9E-05
18.158021	0		0		0		8E-06		7E-06		8E-06		1.7E-05		1.7E-05		1.8E-05
18.314556	0		0		0		8E-06		7E-06		8E-06		1.7E-05		1.6E-05		1.7E-05
18.471091	0		0		0		7E-06		7E-06		7E-06		1.6E-05		1.6E-05		1.7E-05
18.627625	0		0		0		7E-06		7E-06		7E-06		1.6E-05		1.5E-05		1.6E-05
18.78416	0		0		0		7E-06		6E-06		7E-06		1.5E-05		1.5E-05		1.5E-05
18.940695	0		0		0		7E-06		6E-06		7E-06		1.4E-05		1.4E-05		1.5E-05
19.097229	0		0		0		6E-06		6E-06		7E-06		1.4E-05		1.4E-05		1.4E-05
19.253764	0		0		0		6E-06		6E-06		6E-06		1.4E-05		1.3E-05		1.4E-05
19.410299	0		0		0		6E-06		6E-06		6E-06		1.3E-05		1.3E-05		1.3E-05
19.566833	0		0		0		6E-06		6E-06		6E-06		1.3E-05		1.2E-05		1.3E-05
19.723368	0		0		0		6E-06		5E-06		6E-06		1.2E-05		1.2E-05		1.2E-05
19.879903	0		0		0		6E-06		5E-06		6E-06		1.2E-05		1.1E-05		1.2E-05
20.036437	0		0		0		5E-06		5E-06		5E-06		1.1E-05		1.1E-05		1.2E-05
20.192972	0		0		0		5E-06		5E-06		5E-06		1.1E-05		1.1E-05		1.1E-05
20.349507	0		0		0		5E-06		5E-06		5E-06		1.1E-05		1E-05		1.1E-05
20.506041	0		0		0		5E-06		5E-06		5E-06		1E-05		1E-05		1.1E-05
20.662576	0		0		0		5E-06		5E-06		5E-06		1E-05		1E-05		1E-05
20.819111	0		0		0		5E-06		5E-06		5E-06		1E-05		1E-05		1E-05
20.975645	0		0		0		5E-06		4E-06		5E-06		1E-05		9E-06		1E-05
21.13218	0		0		0		4E-06		4E-06		5E-06		9E-06		9E-06		9E-06
21.288715	0		0		0		4E-06		4E-06		4E-06		9E-06		9E-06		9E-06
21.445249	0		0		0		4E-06		4E-06		4E-06		9E-06		9E-06		9E-06
21.601784	0		0		0		4E-06		4E-06		4E-06		8E-06		8E-06		9E-06
21.758319	0		0		0		4E-06		4E-06		4E-06		8E-06		8E-06		8E-06
21.914854	0		0		0		4E-06		4E-06		4E-06		8E-06		8E-06		8E-06
22.071388	0		0		0		4E-06		4E-06		4E-06		8E-06		8E-06		8E-06
22.227923	0		0		0		4E-06		4E-06		4E-06		8E-06		7E-06		8E-06
22.384458	0		0		0		4E-06		4E-06		4E-06		7E-06		7E-06		8E-06
22.540992	0		0		0		4E-06		3E-06		4E-06		7E-06		7E-06		7E-06
22.697527	0		0		0		3E-06		3E-06		4E-06		7E-06		7E-06		7E-06
22.854062	0		0		0		3E-06		3E-06		3E-06		7E-06		7E-06		7E-06
23.010596	0		0		0		3E-06		3E-06		3E-06		7E-06		7E-06		7E-06
23.167131	0		0		0		3E-06		3E-06		3E-06		6E-06		6E-06		7E-06
23.323666	0		0		0		3E-06		3E-06		3E-06		6E-06		6E-06		6E-06
23.4802	0		0		0		3E-06		3E-06		3E-06		6E-06		6E-06		6E-06
23.636735	0		0		0		3E-06		3E-06		3E-06		6E-06		6E-06		6E-06
23.79327	0		0		0		3E-06		3E-06		3E-06		6E-06		6E-06		6E-06
23.949804	0		0		0		3E-06		3E-06		3E-06		6E-06		6E-06		6E-06
24.106339	0		0		0		3E-06		3E-06		3E-06		6E-06		6E-06		6E-06
24.262874	0		0		0		3E-06		3E-06		3E-06		5E-06		5E-06		6E-06
24.419408	0		0		0		3E-06		3E-06		3E-06		5E-06		5E-06		5E-06
24.575943	0		0		0		3E-06		3E-06		3E-06		5E-06		5E-06		5E-06
24.732478	0		0		0		3E-06		3E-06		3E-06		5E-06		5E-06		5E-06
24.889012	0		0		0		3E-06		2E-06		3E-06		5E-06		5E-06		5E-06
25.045547	0		0		0		2E-06		2E-06		3E-06		5E-06		5E-06		5E-06
25.202082	0		0		0		2E-06		2E-06		2E-06		5E-06		5E-06		5E-06
25.358616	0		0		0		2E-06		2E-06		2E-06		5E-06		5E-06		5E-06
25.515151	0		0		0		2E-06		2E-06		2E-06		5E-06		4E-06		5E-06
25.671686	0		0		0		2E-06		2E-06		2E-06		4E-06		4E-06		5E-06
25.82822	0		0		0		2E-06		2E-06		2E-06		4E-06		4E-06		4E-06
25.984755	0		0		0		2E-06		2E-06		2E-06		4E-06		4E-06		4E-06
26.14129	0		0		0		2E-06		2E-06		2E-06		4E-06		4E-06		4E-06
26.297824	0		0		0		2E-06		2E-06		2E-06		4E-06		4E-06		4E-06
26.454359	0		0		0		2E-06		2E-06		2E-06		4E-06		4E-06		4E-06
26.610894	0		0		0		2E-06		2E-06		2E-06		4E-06		4E-06		4E-06
26.767428	0		0		0		2E-06		2E-06		2E-06		4E-06		4E-06		4E-06
26.923963	0		0		0		2E-06		2E-06		2E-06		4E-06		4E-06		4E-06
27.080498	0		0		0		2E-06		2E-06		2E-06		4E-06		4E-06		4E-06
27.237032	0		0		0		2E-06		2E-06		2E-06		4E-06		4E-06		4E-06
27.393567	0		0		0		2E-06		2E-06		2E-06		4E-06		4E-06		4E-06
27.550102	0		0		0		2E-06		2E-06		2E-06		3E-06		3E-06		4E-06
27.706636	0		0		0		2E-06		2E-06		2E-06		3E-06		3E-06		3E-06
27.863171	0		0		0		2E-06		2E-06		2E-06		3E-06		3E-06		3E-06
28.019706	0		0		0		2E-06		2E-06		2E-06		3E-06		3E-06		3E-06
28.17624	0		0		0		2E-06		2E-06		2E-06		3E-06		3E-06		3E-06
28.332775	0		0		0		2E-06		2E-06		2E-06		3E-06		3E-06		3E-06
28.48931	0		0		0		2E-06		2E-06		2E-06		3E-06		3E-06		3E-06
28.645844	0		0		0		2E-06		2E-06		2E-06		3E-06		3E-06		3E-06
28.802379	0		0		0		2E-06		2E-06		2E-06		3E-06		3E-06		3E-06
28.958914	0		0		0		2E-06		2E-06		2E-06		3E-06		3E-06		3E-06
29.115448	0		0		0		2E-06		1E-06		2E-06		3E-06		3E-06		3E-06
29.271983	0		0		0		1E-06		1E-06		1E-06		3E-06		3E-06		3E-06
29.428518	0		0		0		1E-06		1E-06		1E-06		3E-06		3E-06		3E-06
29.585052	0		0		0		1E-06		1E-06		1E-06		3E-06		3E-06		3E-06
29.741587	0		0		0		1E-06		1E-06		1E-06		3E-06		3E-06		3E-06
29.898122	0		0		0		1E-06		1E-06		1E-06		3E-06		3E-06		3E-06
30.054656	0		0		0		1E-06		1E-06		1E-06		3E-06		3E-06		3E-06
30.211191	0		0		0		1E-06		1E-06		1E-06		3E-06		3E-06		3E-06
30.367726	0		0		0		1E-06		1E-06		1E-06		2E-06		2E-06		3E-06
30.52426	0		0		0		1E-06		1E-06		1E-06		2E-06		2E-06		2E-06
30.680795	0		0		0		1E-06		1E-06		1E-06		2E-06		2E-06		2E-06
30.83733	0		0		0		1E-06		1E-06		1E-06		2E-06		2E-06		2E-06
30.993864	0		0		0		1E-06		1E-06		1E-06		2E-06		2E-06		2E-06
31.150399	0		0		0		1E-06		1E-06		1E-06		2E-06		2E-06		2E-06
31.306934	0		0		0		1E-06		1E-06		1E-06		2E-06		2E-06		2E-06

