0							0		0
0.156535							5.3E-05		8.5E-05
0.313069							0.000105		0.000171
0.469604							0.000158		0.000257
0.626139							0.000212		0.000344
0.782673							0.000265		0.000431
0.939208							0.000319		0.000519
1.095743							0.000374		0.000608
1.252277							0.000429		0.000698
1.408812							0.000485		0.000791
1.565347							0.000542		0.000885
1.721881							0.0006		0.000981
1.878416							0.000659		0.00108
2.034951							0.00072		0.001182
2.191485							0.000783		0.001288
2.34802							0.000849		0.001399
2.504555							0.000917		0.001515
2.661089							0.00099		0.00164
2.817624							0.001068		0.001775
2.974159							0.001155		0.001925
3.130693							0.001255		0.002096
3.287228							0.001357		0.002266
3.443763							0.001451		0.002421
3.600297							0.001542		0.002569
3.756832							0.001631		0.002715
3.913367							0.001719		0.002861
4.069901							0.001809		0.003009
4.226436							0.0019		0.00316
4.382971							0.001994		0.003315
4.539505							0.00209		0.003475
4.69604							0.002189		0.00364
4.852575							0.002292		0.003812
5.009109							0.002398		0.003991
5.165644							0.00251		0.004178
5.322179							0.002626		0.004374
5.478713							0.002749		0.004581
5.635248							0.002878		0.004799
5.791783							0.003015		0.005031
5.948317							0.003161		0.005278
6.104852							0.003316		0.005542
6.261387							0.003483		0.005825
6.417921							0.003663		0.00613
6.574456							0.003858		0.006459
6.730991							0.004072		0.006817
6.887525							0.004306		0.007208
7.04406							0.004566		0.007637
7.200595							0.004856		0.008109
7.357129							0.005185		0.00863
7.513664							0.00556		0.009208
7.670199							0.005994		0.00985
7.826733							0.006506		0.01056
7.983268							0.007121		0.01134
8.139803							0.007876		0.012176
8.296337							0.008834		0.013029
8.452872							0.010093		0.013802
8.609407							0.011828		0.014286
8.765941							0.014365		0.014097
8.922476							0.018321		0.012692
9.079011							0.024454		0.009716
9.235545							0.028034		0.005724
9.39208							0.012617		0.002455
9.548615							0.004192		0.001199
9.705149							0.002079		0.000762
9.861684							0.00127		0.000546
10.018219							0.000869		0.000418
10.174753							0.000638		0.000334
10.331288							0.000491		0.000275
10.487823							0.000391		0.000231
10.644357							0.00032		0.000197
10.800892							0.000267		0.000171
10.957427							0.000227		0.00015
11.113961							0.000195		0.000133
11.270496							0.00017		0.000118
11.427031							0.000149		0.000106
11.583565							0.000132		9.6E-05
11.7401							0.000118		8.7E-05
11.896635							0.000106		8E-05
12.053169							9.6E-05		7.3E-05
12.209704							8.7E-05		6.7E-05
12.366239							8E-05		6.2E-05
12.522773							7.3E-05		5.8E-05
12.679308							6.7E-05		5.4E-05
12.835843							6.2E-05		5E-05
12.992377							5.7E-05		4.7E-05
13.148912							5.3E-05		4.4E-05
13.305447							4.9E-05		4.1E-05
13.461981							4.6E-05		3.8E-05
13.618516							4.3E-05		3.6E-05
13.775051							4E-05		3.4E-05
13.931585							3.8E-05		3.2E-05
14.08812							3.6E-05		3E-05
14.244655							3.4E-05		2.9E-05
14.401189							3.2E-05		2.7E-05
14.557724							3E-05		2.6E-05
14.714259							2.8E-05		2.5E-05
14.870793							2.7E-05		2.4E-05
15.027328							2.6E-05		2.2E-05
15.183863							2.4E-05		2.1E-05
15.340397							2.3E-05		2E-05
15.496932							2.2E-05		2E-05
15.653467							2.1E-05		1.9E-05
15.810001							2E-05		1.8E-05
15.966536							1.9E-05		1.7E-05
16.123071							1.8E-05		1.6E-05
16.279605							1.8E-05		1.6E-05
16.43614							1.7E-05		1.5E-05
16.592675							1.6E-05		1.5E-05
16.749209							1.5E-05		1.4E-05
16.905744							1.5E-05		1.3E-05
17.062279							1.4E-05		1.3E-05
17.218813							1.4E-05		1.3E-05
17.375348							1.3E-05		1.2E-05
17.531883							1.3E-05		1.2E-05
17.688417							1.2E-05		1.1E-05
17.844952							1.2E-05		1.1E-05
18.001487							1.1E-05		1E-05
18.158021							1.1E-05		1E-05
18.314556							1.1E-05		1E-05
18.471091							1E-05		9E-06
18.627625							1E-05		9E-06
18.78416							1E-05		9E-06
18.940695							9E-06		9E-06
19.097229							9E-06		8E-06
19.253764							9E-06		8E-06
19.410299							8E-06		8E-06
19.566833							8E-06		8E-06
19.723368							8E-06		7E-06
19.879903							8E-06		7E-06
20.036437							7E-06		7E-06
20.192972							7E-06		7E-06
20.349507							7E-06		7E-06
20.506041							7E-06		6E-06
20.662576							7E-06		6E-06
20.819111							6E-06		6E-06
20.975645							6E-06		6E-06
21.13218							6E-06		6E-06
21.288715							6E-06		6E-06
21.445249							6E-06		5E-06
21.601784							6E-06		5E-06
21.758319							5E-06		5E-06
21.914854							5E-06		5E-06
22.071388							5E-06		5E-06
22.227923							5E-06		5E-06
22.384458							5E-06		5E-06
22.540992							5E-06		5E-06
22.697527							5E-06		4E-06
22.854062							5E-06		4E-06
23.010596							4E-06		4E-06
23.167131							4E-06		4E-06
23.323666							4E-06		4E-06
23.4802							4E-06		4E-06
23.636735							4E-06		4E-06
23.79327							4E-06		4E-06
23.949804							4E-06		4E-06
24.106339							4E-06		4E-06
24.262874							4E-06		4E-06
24.419408							4E-06		3E-06
24.575943							3E-06		3E-06
24.732478							3E-06		3E-06
24.889012							3E-06		3E-06
25.045547							3E-06		3E-06
25.202082							3E-06		3E-06
25.358616							3E-06		3E-06
25.515151							3E-06		3E-06
25.671686							3E-06		3E-06
25.82822							3E-06		3E-06
25.984755							3E-06		3E-06
26.14129							3E-06		3E-06
26.297824							3E-06		3E-06
26.454359							3E-06		3E-06
26.610894							3E-06		3E-06
26.767428							3E-06		3E-06
26.923963							3E-06		2E-06
27.080498							2E-06		2E-06
27.237032							2E-06		2E-06
27.393567							2E-06		2E-06
27.550102							2E-06		2E-06
27.706636							2E-06		2E-06
27.863171							2E-06		2E-06
28.019706							2E-06		2E-06
28.17624							2E-06		2E-06
28.332775							2E-06		2E-06
28.48931							2E-06		2E-06
28.645844							2E-06		2E-06
28.802379							2E-06		2E-06
28.958914							2E-06		2E-06
29.115448							2E-06		2E-06
29.271983							2E-06		2E-06
29.428518							2E-06		2E-06
29.585052							2E-06		2E-06
29.741587							2E-06		2E-06
29.898122							2E-06		2E-06
30.054656							2E-06		2E-06
30.211191							2E-06		2E-06
30.367726							2E-06		2E-06
30.52426							2E-06		2E-06
30.680795							2E-06		2E-06
30.83733							2E-06		2E-06
30.993864							2E-06		2E-06
31.150399							2E-06		2E-06
31.306934							2E-06		1E-06

