0	0		0		0		0		0		0		0		0		0
0.079297	0		0		0		3.9E-05		6E-05		3.3E-05		5E-06		1.4E-05		4E-06
0.158594	0		0		0		7.9E-05		0.000121		6.7E-05		1E-05		2.8E-05		9E-06
0.237892	0		0		0		0.000118		0.000182		0.0001		1.4E-05		4.1E-05		1.3E-05
0.317189	0		0		0		0.000158		0.000243		0.000134		1.9E-05		5.5E-05		1.8E-05
0.396486	0		0		0		0.000198		0.000305		0.000168		2.4E-05		6.9E-05		2.2E-05
0.475783	0		0		0		0.000238		0.000367		0.000202		2.9E-05		8.2E-05		2.6E-05
0.55508	0		0		0		0.000279		0.00043		0.000237		3.3E-05		9.6E-05		3.1E-05
0.634378	0		1E-06		0		0.00032		0.000494		0.000272		3.8E-05		0.000109		3.5E-05
0.713675	0		1E-06		0		0.000362		0.000559		0.000307		4.2E-05		0.000123		3.9E-05
0.792972	0		1E-06		0		0.000405		0.000626		0.000343		4.6E-05		0.000136		4.3E-05
0.872269	0		1E-06		0		0.000449		0.000694		0.00038		5E-05		0.000149		4.6E-05
0.951566	1E-06		1E-06		1E-06		0.000493		0.000764		0.000418		5.4E-05		0.000161		5E-05
1.030864	1E-06		1E-06		1E-06		0.000539		0.000836		0.000456		5.7E-05		0.000174		5.3E-05
1.110161	1E-06		1E-06		1E-06		0.000587		0.000911		0.000496		6.1E-05		0.000187		5.6E-05
1.189458	1E-06		1E-06		1E-06		0.000636		0.000989		0.000537		6.4E-05		0.0002		5.9E-05
1.268755	1E-06		2E-06		1E-06		0.000688		0.001072		0.00058		6.8E-05		0.000216		6.3E-05
1.348053	1E-06		2E-06		1E-06		0.000742		0.001159		0.000626		7.2E-05		0.000231		6.6E-05
1.42735	1E-06		2E-06		1E-06		0.000801		0.001253		0.000675		7.5E-05		0.000246		6.9E-05
1.506647	1E-06		2E-06		1E-06		0.000865		0.001356		0.000728		7.7E-05		0.000259		7E-05
1.585944	1E-06		2E-06		1E-06		0.000934		0.001467		0.000785		7.8E-05		0.000269		7.1E-05
1.665241	1E-06		3E-06		1E-06		0.001005		0.001578		0.000845		7.8E-05		0.000277		7.1E-05
1.744539	1E-06		3E-06		1E-06		0.001074		0.001685		0.000902		7.6E-05		0.000281		6.9E-05
1.823836	2E-06		4E-06		2E-06		0.001141		0.001789		0.000958		7.2E-05		0.000279		6.6E-05
1.903133	2E-06		4E-06		2E-06		0.001207		0.001892		0.001014		6.7E-05		0.000272		6.1E-05
1.98243	2E-06		5E-06		2E-06		0.001273		0.001995		0.001069		6.1E-05		0.000269		5.5E-05
2.061727	2E-06		6E-06		2E-06		0.001341		0.002099		0.001125		6E-05		0.00029		5.4E-05
2.141025	3E-06		7E-06		3E-06		0.001409		0.002205		0.001182		6.3E-05		0.00034		5.6E-05
2.220322	3E-06		8E-06		3E-06		0.001479		0.002314		0.00124		6.8E-05		0.000421		6.1E-05
2.299619	3E-06		1E-05		3E-06		0.001551		0.002426		0.0013		7.6E-05		0.000544		6.7E-05
2.378916	4E-06		1.2E-05		4E-06		0.001625		0.002541		0.001361		8.5E-05		0.000735		7.5E-05
2.458213	4E-06		1.5E-05		4E-06		0.001702		0.002661		0.001425		9.7E-05		0.00105		8.5E-05
2.537511	5E-06		2E-05		5E-06		0.001782		0.002786		0.001491		0.000112		0.001616		9.8E-05
2.616808	6E-06		2.7E-05		6E-06		0.001866		0.002917		0.001559		0.000131		0.002754		0.000113
2.696105	7E-06		3.8E-05		7E-06		0.001953		0.003053		0.001631		0.000155		0.005393		0.000133
2.775402	9E-06		5.8E-05		9E-06		0.002046		0.003197		0.001706		0.000186		0.011607		0.000157
2.854699	1.1E-05		9.8E-05		1.1E-05		0.002143		0.003349		0.001785		0.000228		0.015312		0.00019
2.933997	1.4E-05		0.00019		1.4E-05		0.002246		0.00351		0.001869		0.000286		0.008137		0.000233
3.013294	1.8E-05		0.000409		1.8E-05		0.002356		0.003681		0.001958		0.000367		0.003861		0.000293
3.092591	2.5E-05		0.000588		2.5E-05		0.002473		0.003863		0.002052		0.000488		0.002111		0.000379
3.171888	3.7E-05		0.000329		3.6E-05		0.0026		0.004058		0.002153		0.000678		0.001303		0.000508
3.251185	5.7E-05		0.000154		5.6E-05		0.002736		0.004268		0.002262		0.001001		0.000877		0.000712
3.330483	0.0001		8.3E-05		9.7E-05		0.002884		0.004494		0.002379		0.001606		0.000628		0.001066
3.40978	0.000201		5.1E-05		0.000194		0.003046		0.004738		0.002507		0.002899		0.00047		0.001742
3.489077	0.000425		3.4E-05		0.000414		0.003224		0.005003		0.002647		0.00604		0.000365		0.003227
3.568374	0.000471		2.4E-05		0.000479		0.003421		0.005293		0.002801		0.011875		0.000291		0.006862
3.647671	0.000233		1.8E-05		0.000241		0.003642		0.005609		0.002973		0.009919		0.000237		0.012299
3.726969	0.000113		1.4E-05		0.000116		0.003891		0.005956		0.003166		0.004643		0.000197		0.00858
3.806266	6.3E-05		1.1E-05		6.5E-05		0.004177		0.006336		0.003385		0.002336		0.000166		0.003976
3.885563	4E-05		9E-06		4E-05		0.004506		0.006753		0.003638		0.001353		0.000142		0.002056
3.96486	2.7E-05		8E-06		2.7E-05		0.004894		0.007205		0.003933		0.00087		0.000122		0.001218
4.044158	2E-05		6E-06		2E-05		0.005356		0.007688		0.004285		0.000603		0.000107		0.000796
4.123455	1.5E-05		5E-06		1.5E-05		0.00592		0.008189		0.004713		0.000441		9.4E-05		0.000558
4.202752	1.1E-05		5E-06		1.2E-05		0.006623		0.008672		0.005248		0.000336		8.3E-05		0.000411
4.282049	9E-06		4E-06		9E-06		0.007521		0.009069		0.005942		0.000264		7.4E-05		0.000315
4.361346	8E-06		4E-06		8E-06		0.008696		0.00925		0.006882		0.000213		6.6E-05		0.000249
4.440644	6E-06		3E-06		6E-06		0.010253		0.009011		0.008226		0.000175		6E-05		0.000202
4.519941	5E-06		3E-06		5E-06		0.012218		0.008113		0.010272		0.000146		5.4E-05		0.000166
4.599238	5E-06		3E-06		5E-06		0.013994		0.006462		0.013496		0.000124		4.9E-05		0.00014
4.678535	4E-06		2E-06		4E-06		0.013031		0.004374		0.01736		0.000107		4.5E-05		0.000119
4.757832	3E-06		2E-06		3E-06		0.00805		0.002579		0.014888		9.3E-05		4.1E-05		0.000102
4.83713	3E-06		2E-06		3E-06		0.004156		0.00155		0.007616		8.1E-05		3.8E-05		8.9E-05
4.916427	3E-06		2E-06		3E-06		0.002394		0.00104		0.00395		7.1E-05		3.5E-05		7.8E-05
4.995724	2E-06		2E-06		2E-06		0.001556		0.000759		0.002357		6.3E-05		3.2E-05		6.9E-05
5.075021	2E-06		1E-06		2E-06		0.001099		0.000586		0.001564		5.7E-05		3E-05		6.1E-05
5.154318	2E-06		1E-06		2E-06		0.000823		0.00047		0.001117		5.1E-05		2.8E-05		5.5E-05
5.233616	2E-06		1E-06		2E-06		0.000641		0.000387		0.000841		4.6E-05		2.6E-05		4.9E-05
5.312913	2E-06		1E-06		2E-06		0.000516		0.000326		0.000657		4.2E-05		2.4E-05		4.5E-05
5.39221	1E-06		1E-06		1E-06		0.000425		0.000279		0.000529		3.8E-05		2.2E-05		4E-05
5.471507	1E-06		1E-06		1E-06		0.000357		0.000242		0.000436		3.5E-05		2.1E-05		3.7E-05
5.550804	1E-06		1E-06		1E-06		0.000304		0.000212		0.000366		3.2E-05		2E-05		3.4E-05
5.630102	1E-06		1E-06		1E-06		0.000263		0.000188		0.000312		2.9E-05		1.9E-05		3.1E-05
5.709399	1E-06		1E-06		1E-06		0.00023		0.000167		0.000269		2.7E-05		1.7E-05		2.9E-05
5.788696	1E-06		1E-06		1E-06		0.000203		0.00015		0.000235		2.5E-05		1.6E-05		2.6E-05
5.867993	1E-06		1E-06		1E-06		0.00018		0.000136		0.000207		2.3E-05		1.6E-05		2.4E-05
5.94729	1E-06		1E-06		1E-06		0.000161		0.000123		0.000183		2.2E-05		1.5E-05		2.3E-05
6.026588	1E-06		1E-06		1E-06		0.000145		0.000113		0.000164		2E-05		1.4E-05		2.1E-05
6.105885	1E-06		1E-06		1E-06		0.000131		0.000103		0.000147		1.9E-05		1.3E-05		2E-05
6.185182	1E-06		1E-06		1E-06		0.000119		9.5E-05		0.000133		1.8E-05		1.3E-05		1.9E-05
6.264479	1E-06		1E-06		1E-06		0.000109		8.8E-05		0.000121		1.7E-05		1.2E-05		1.7E-05
6.343777	1E-06		0		1E-06		0.0001		8.1E-05		0.000111		1.6E-05		1.1E-05		1.6E-05
6.423074	1E-06		0		1E-06		9.2E-05		7.6E-05		0.000101		1.5E-05		1.1E-05		1.5E-05
6.502371	1E-06		0		1E-06		8.5E-05		7E-05		9.3E-05		1.4E-05		1E-05		1.4E-05
6.581668	1E-06		0		1E-06		7.9E-05		6.6E-05		8.6E-05		1.3E-05		1E-05		1.4E-05
6.660965	0		0		0		7.3E-05		6.1E-05		8E-05		1.2E-05		9E-06		1.3E-05
6.740263	0		0		0		6.8E-05		5.8E-05		7.4E-05		1.2E-05		9E-06		1.2E-05
6.81956	0		0		0		6.4E-05		5.4E-05		6.9E-05		1.1E-05		9E-06		1.2E-05
6.898857	0		0		0		6E-05		5.1E-05		6.4E-05		1.1E-05		8E-06		1.1E-05
6.978154	0		0		0		5.6E-05		4.8E-05		6E-05		1E-05		8E-06		1E-05
7.057451	0		0		0		5.3E-05		4.5E-05		5.6E-05		1E-05		7E-06		1E-05
7.136749	0		0		0		4.9E-05		4.3E-05		5.3E-05		9E-06		7E-06		9E-06
7.216046	0		0		0		4.7E-05		4.1E-05		5E-05		9E-06		7E-06		9E-06
7.295343	0		0		0		4.4E-05		3.9E-05		4.7E-05		8E-06		7E-06		9E-06
7.37464	0		0		0		4.2E-05		3.7E-05		4.4E-05		8E-06		6E-06		8E-06
7.453937	0		0		0		3.9E-05		3.5E-05		4.2E-05		8E-06		6E-06		8E-06
7.533235	0		0		0		3.7E-05		3.3E-05		4E-05		7E-06		6E-06		7E-06
7.612532	0		0		0		3.6E-05		3.2E-05		3.8E-05		7E-06		6E-06		7E-06
7.691829	0		0		0		3.4E-05		3E-05		3.6E-05		7E-06		5E-06		7E-06
7.771126	0		0		0		3.2E-05		2.9E-05		3.4E-05		6E-06		5E-06		7E-06
7.850423	0		0		0		3.1E-05		2.8E-05		3.2E-05		6E-06		5E-06		6E-06
7.929721	0		0		0		2.9E-05		2.6E-05		3.1E-05		6E-06		5E-06		6E-06
8.009018	0		0		0		2.8E-05		2.5E-05		2.9E-05		6E-06		5E-06		6E-06
8.088315	0		0		0		2.7E-05		2.4E-05		2.8E-05		5E-06		5E-06		6E-06
8.167612	0		0		0		2.6E-05		2.3E-05		2.7E-05		5E-06		4E-06		5E-06
8.246909	0		0		0		2.4E-05		2.2E-05		2.5E-05		5E-06		4E-06		5E-06
8.326207	0		0		0		2.3E-05		2.1E-05		2.4E-05		5E-06		4E-06		5E-06
8.405504	0		0		0		2.2E-05		2.1E-05		2.3E-05		5E-06		4E-06		5E-06
8.484801	0		0		0		2.2E-05		2E-05		2.2E-05		5E-06		4E-06		5E-06
8.564098	0		0		0		2.1E-05		1.9E-05		2.1E-05		4E-06		4E-06		4E-06
8.643395	0		0		0		2E-05		1.8E-05		2.1E-05		4E-06		4E-06		4E-06
8.722693	0		0		0		1.9E-05		1.8E-05		2E-05		4E-06		3E-06		4E-06
8.80199	0		0		0		1.8E-05		1.7E-05		1.9E-05		4E-06		3E-06		4E-06
8.881287	0		0		0		1.8E-05		1.6E-05		1.8E-05		4E-06		3E-06		4E-06
8.960584	0		0		0		1.7E-05		1.6E-05		1.8E-05		4E-06		3E-06		4E-06
9.039882	0		0		0		1.6E-05		1.5E-05		1.7E-05		4E-06		3E-06		4E-06
9.119179	0		0		0		1.6E-05		1.5E-05		1.6E-05		3E-06		3E-06		3E-06
9.198476	0		0		0		1.5E-05		1.4E-05		1.6E-05		3E-06		3E-06		3E-06
9.277773	0		0		0		1.5E-05		1.4E-05		1.5E-05		3E-06		3E-06		3E-06
9.35707	0		0		0		1.4E-05		1.3E-05		1.5E-05		3E-06		3E-06		3E-06
9.436368	0		0		0		1.4E-05		1.3E-05		1.4E-05		3E-06		3E-06		3E-06
9.515665	0		0		0		1.3E-05		1.2E-05		1.4E-05		3E-06		3E-06		3E-06
9.594962	0		0		0		1.3E-05		1.2E-05		1.3E-05		3E-06		3E-06		3E-06
9.674259	0		0		0		1.2E-05		1.2E-05		1.3E-05		3E-06		2E-06		3E-06
9.753556	0		0		0		1.2E-05		1.1E-05		1.2E-05		3E-06		2E-06		3E-06
9.832854	0		0		0		1.2E-05		1.1E-05		1.2E-05		3E-06		2E-06		3E-06
9.912151	0		0		0		1.1E-05		1.1E-05		1.2E-05		3E-06		2E-06		3E-06
9.991448	0		0		0		1.1E-05		1E-05		1.1E-05		2E-06		2E-06		2E-06
10.070745	0		0		0		1.1E-05		1E-05		1.1E-05		2E-06		2E-06		2E-06
10.150042	0		0		0		1E-05		1E-05		1.1E-05		2E-06		2E-06		2E-06
10.22934	0		0		0		1E-05		1E-05		1E-05		2E-06		2E-06		2E-06
10.308637	0		0		0		1E-05		9E-06		1E-05		2E-06		2E-06		2E-06
10.387934	0		0		0		9E-06		9E-06		1E-05		2E-06		2E-06		2E-06
10.467231	0		0		0		9E-06		9E-06		9E-06		2E-06		2E-06		2E-06
10.546528	0		0		0		9E-06		9E-06		9E-06		2E-06		2E-06		2E-06
10.625826	0		0		0		9E-06		8E-06		9E-06		2E-06		2E-06		2E-06
10.705123	0		0		0		8E-06		8E-06		9E-06		2E-06		2E-06		2E-06
10.78442	0		0		0		8E-06		8E-06		8E-06		2E-06		2E-06		2E-06
10.863717	0		0		0		8E-06		8E-06		8E-06		2E-06		2E-06		2E-06
10.943014	0		0		0		8E-06		7E-06		8E-06		2E-06		2E-06		2E-06
11.022312	0		0		0		8E-06		7E-06		8E-06		2E-06		2E-06		2E-06
11.101609	0		0		0		7E-06		7E-06		8E-06		2E-06		2E-06		2E-06
11.180906	0		0		0		7E-06		7E-06		7E-06		2E-06		2E-06		2E-06
11.260203	0		0		0		7E-06		7E-06		7E-06		2E-06		1E-06		2E-06
11.339501	0		0		0		7E-06		7E-06		7E-06		2E-06		1E-06		2E-06
11.418798	0		0		0		7E-06		6E-06		7E-06		2E-06		1E-06		2E-06
11.498095	0		0		0		7E-06		6E-06		7E-06		2E-06		1E-06		2E-06
11.577392	0		0		0		6E-06		6E-06		6E-06		1E-06		1E-06		1E-06
11.656689	0		0		0		6E-06		6E-06		6E-06		1E-06		1E-06		1E-06
11.735987	0		0		0		6E-06		6E-06		6E-06		1E-06		1E-06		1E-06
11.815284	0		0		0		6E-06		6E-06		6E-06		1E-06		1E-06		1E-06
11.894581	0		0		0		6E-06		6E-06		6E-06		1E-06		1E-06		1E-06
11.973878	0		0		0		6E-06		5E-06		6E-06		1E-06		1E-06		1E-06
12.053175	0		0		0		5E-06		5E-06		6E-06		1E-06		1E-06		1E-06
12.132473	0		0		0		5E-06		5E-06		5E-06		1E-06		1E-06		1E-06
12.21177	0		0		0		5E-06		5E-06		5E-06		1E-06		1E-06		1E-06
12.291067	0		0		0		5E-06		5E-06		5E-06		1E-06		1E-06		1E-06
12.370364	0		0		0		5E-06		5E-06		5E-06		1E-06		1E-06		1E-06
12.449661	0		0		0		5E-06		5E-06		5E-06		1E-06		1E-06		1E-06
12.528959	0		0		0		5E-06		5E-06		5E-06		1E-06		1E-06		1E-06
12.608256	0		0		0		5E-06		5E-06		5E-06		1E-06		1E-06		1E-06
12.687553	0		0		0		5E-06		4E-06		5E-06		1E-06		1E-06		1E-06
12.76685	0		0		0		4E-06		4E-06		5E-06		1E-06		1E-06		1E-06
12.846147	0		0		0		4E-06		4E-06		4E-06		1E-06		1E-06		1E-06
12.925445	0		0		0		4E-06		4E-06		4E-06		1E-06		1E-06		1E-06
13.004742	0		0		0		4E-06		4E-06		4E-06		1E-06		1E-06		1E-06
13.084039	0		0		0		4E-06		4E-06		4E-06		1E-06		1E-06		1E-06
13.163336	0		0		0		4E-06		4E-06		4E-06		1E-06		1E-06		1E-06
13.242633	0		0		0		4E-06		4E-06		4E-06		1E-06		1E-06		1E-06
13.321931	0		0		0		4E-06		4E-06		4E-06		1E-06		1E-06		1E-06
13.401228	0		0		0		4E-06		4E-06		4E-06		1E-06		1E-06		1E-06
13.480525	0		0		0		4E-06		4E-06		4E-06		1E-06		1E-06		1E-06
13.559822	0		0		0		4E-06		4E-06		4E-06		1E-06		1E-06		1E-06
13.63912	0		0		0		4E-06		3E-06		4E-06		1E-06		1E-06		1E-06
13.718417	0		0		0		3E-06		3E-06		4E-06		1E-06		1E-06		1E-06
13.797714	0		0		0		3E-06		3E-06		3E-06		1E-06		1E-06		1E-06
13.877011	0		0		0		3E-06		3E-06		3E-06		1E-06		1E-06		1E-06
13.956308	0		0		0		3E-06		3E-06		3E-06		1E-06		1E-06		1E-06
14.035606	0		0		0		3E-06		3E-06		3E-06		1E-06		1E-06		1E-06
14.114903	0		0		0		3E-06		3E-06		3E-06		1E-06		1E-06		1E-06
14.1942	0		0		0		3E-06		3E-06		3E-06		1E-06		1E-06		1E-06
14.273497	0		0		0		3E-06		3E-06		3E-06		1E-06		1E-06		1E-06
14.352794	0		0		0		3E-06		3E-06		3E-06		1E-06		1E-06		1E-06
14.432092	0		0		0		3E-06		3E-06		3E-06		1E-06		1E-06		1E-06
14.511389	0		0		0		3E-06		3E-06		3E-06		1E-06		1E-06		1E-06
14.590686	0		0		0		3E-06		3E-06		3E-06		1E-06		1E-06		1E-06
14.669983	0		0		0		3E-06		3E-06		3E-06		1E-06		1E-06		1E-06
14.74928	0		0		0		3E-06		3E-06		3E-06		1E-06		1E-06		1E-06
14.828578	0		0		0		3E-06		3E-06		3E-06		1E-06		1E-06		1E-06
14.907875	0		0		0		3E-06		3E-06		3E-06		1E-06		1E-06		1E-06
14.987172	0		0		0		3E-06		3E-06		3E-06		1E-06		1E-06		1E-06
15.066469	0		0		0		3E-06		2E-06		3E-06		1E-06		1E-06		1E-06
15.145766	0		0		0		3E-06		2E-06		3E-06		1E-06		1E-06		1E-06
15.225064	0		0		0		2E-06		2E-06		2E-06		1E-06		1E-06		1E-06
15.304361	0		0		0		2E-06		2E-06		2E-06		1E-06		1E-06		1E-06
15.383658	0		0		0		2E-06		2E-06		2E-06		1E-06		1E-06		1E-06
15.462955	0		0		0		2E-06		2E-06		2E-06		1E-06		1E-06		1E-06
15.542252	0		0		0		2E-06		2E-06		2E-06		1E-06		1E-06		1E-06
15.62155	0		0		0		2E-06		2E-06		2E-06		1E-06		1E-06		1E-06
15.700847	0		0		0		2E-06		2E-06		2E-06		1E-06		1E-06		1E-06
15.780144	0		0		0		2E-06		2E-06		2E-06		1E-06		1E-06		1E-06
15.859441	0		0		0		2E-06		2E-06		2E-06		1E-06		0		1E-06

