0	0		0		0		0		0		0		0		0		0
0.156535	0		0		0		8.5E-05		0.000125		7.3E-05		0		0		1.1E-05
0.313069	0		0		0		0.000171		0.00025		0.000147		1.2E-05		3.3E-05		2.2E-05
0.469604	0		0		0		0.000257		0.000376		0.00022		2.4E-05		6.6E-05		3.3E-05
0.626139	0		0		0		0.000344		0.000503		0.000295		3.6E-05		9.9E-05		4.4E-05
0.782673	0		1E-06		0		0.000431		0.000631		0.000369		4.8E-05		0.000132		5.5E-05
0.939208	0		1E-06		0		0.000519		0.00076		0.000445		6E-05		0.000165		6.6E-05
1.095743	0		1E-06		0		0.000608		0.000891		0.000521		7.1E-05		0.000199		7.7E-05
1.252277	0		1E-06		0		0.000698		0.001025		0.000598		8.3E-05		0.000232		8.7E-05
1.408812	1E-06		1E-06		1E-06		0.000791		0.00116		0.000677		9.4E-05		0.000265		9.7E-05
1.565347	1E-06		1E-06		1E-06		0.000885		0.001299		0.000757		0.000105		0.000298		0.000107
1.721881	1E-06		1E-06		1E-06		0.000981		0.001442		0.000839		0.000115		0.00033		0.000116
1.878416	1E-06		1E-06		1E-06		0.00108		0.001589		0.000923		0.000125		0.000363		0.000124
2.034951	1E-06		2E-06		1E-06		0.001182		0.001741		0.00101		0.000135		0.000395		0.000132
2.191485	1E-06		2E-06		1E-06		0.001288		0.0019		0.0011		0.000144		0.000427		0.00014
2.34802	1E-06		2E-06		1E-06		0.001399		0.002066		0.001194		0.000152		0.000459		0.000148
2.504555	1E-06		3E-06		1E-06		0.001515		0.002241		0.001293		0.000161		0.000496		0.000158
2.661089	1E-06		3E-06		1E-06		0.00164		0.002428		0.001397		0.000172		0.000545		0.000168
2.817624	2E-06		3E-06		2E-06		0.001775		0.002632		0.001511		0.000183		0.000593		0.000175
2.974159	2E-06		4E-06		2E-06		0.001925		0.002858		0.001638		0.000192		0.000637		0.000181
3.130693	2E-06		5E-06		2E-06		0.002096		0.003111		0.001782		0.000198		0.000678		0.000183
3.287228	2E-06		5E-06		2E-06		0.002266		0.003355		0.001928		0.000201		0.000712		0.000182
3.443763	3E-06		7E-06		3E-06		0.002421		0.003572		0.002061		0.000199		0.000738		0.000175
3.600297	3E-06		8E-06		3E-06		0.002569		0.003778		0.002188		0.000192		0.000749		0.00016
3.756832	4E-06		1E-05		4E-06		0.002715		0.00398		0.002314		0.000177		0.000734		0.000134
3.913367	4E-06		1.3E-05		4E-06		0.002861		0.004181		0.00244		0.000149		0.000679		0.000102
4.069901	5E-06		1.7E-05		5E-06		0.003009		0.004383		0.002567		0.000114		0.0006		9.4E-05
4.226436	6E-06		2.3E-05		6E-06		0.00316		0.004588		0.002697		0.000106		0.00068		0.000101
4.382971	7E-06		3.4E-05		7E-06		0.003315		0.004797		0.002831		0.000115		0.000944		0.000116
4.539505	9E-06		5.4E-05		9E-06		0.003475		0.00501		0.002968		0.000132		0.001485		0.000136
4.69604	1.2E-05		9.6E-05		1.2E-05		0.00364		0.005229		0.00311		0.000157		0.002723		0.000163
4.852575	1.6E-05		0.000216		1.5E-05		0.003812		0.005455		0.003258		0.000191		0.006451		0.0002
5.009109	2.2E-05		0.00074		2.1E-05		0.003991		0.005687		0.003413		0.000238		0.024263		0.000252
5.165644	3.2E-05		0.001818		3.1E-05		0.004178		0.005927		0.003574		0.000307		0.03706		0.000329
5.322179	5.1E-05		0.00045		5E-05		0.004374		0.006176		0.003744		0.000411		0.008891		0.000446
5.478713	9.4E-05		0.000157		9.1E-05		0.004581		0.006434		0.003923		0.000577		0.00336		0.000639
5.635248	0.000222		7.7E-05		0.000214		0.004799		0.006702		0.004112		0.000869		0.001717		0.000988
5.791783	0.000829		4.5E-05		0.000784		0.005031		0.00698		0.004314		0.001448		0.001034		0.001719
5.948317	0.001333		3E-05		0.001391		0.005278		0.00727		0.004529		0.002855		0.000689		0.00365
6.104852	0.000319		2.1E-05		0.000333		0.005542		0.007571		0.004759		0.007654		0.000491		0.011299
6.261387	0.00012		1.5E-05		0.000123		0.005825		0.007884		0.005007		0.03199		0.000367		0.039598
6.417921	6.1E-05		1.2E-05		6.2E-05		0.00613		0.008209		0.005275		0.019228		0.000284		0.011888
6.574456	3.6E-05		9E-06		3.7E-05		0.006459		0.008546		0.005567		0.005183		0.000227		0.003771
6.730991	2.4E-05		8E-06		2.5E-05		0.006817		0.008893		0.005887		0.002202		0.000185		0.001759
6.887525	1.7E-05		6E-06		1.7E-05		0.007208		0.009249		0.006238		0.001196		0.000154		0.001005
7.04406	1.3E-05		5E-06		1.3E-05		0.007637		0.00961		0.006628		0.000747		0.000129		0.000647
7.200595	1E-05		5E-06		1E-05		0.008109		0.009971		0.007063		0.000509		0.000111		0.000451
7.357129	8E-06		4E-06		8E-06		0.00863		0.010323		0.007553		0.000369		9.5E-05		0.000331
7.513664	6E-06		3E-06		7E-06		0.009208		0.010653		0.008109		0.000279		8.3E-05		0.000254
7.670199	5E-06		3E-06		5E-06		0.00985		0.010944		0.008745		0.000218		7.3E-05		0.0002
7.826733	5E-06		3E-06		5E-06		0.01056		0.011169		0.00948		0.000175		6.5E-05		0.000162
7.983268	4E-06		2E-06		4E-06		0.01134		0.01129		0.010336		0.000144		5.8E-05		0.000134
8.139803	3E-06		2E-06		3E-06		0.012176		0.011258		0.011337		0.00012		5.2E-05		0.000112
8.296337	3E-06		2E-06		3E-06		0.013029		0.011011		0.012505		0.000102		4.7E-05		9.5E-05
8.452872	3E-06		2E-06		3E-06		0.013802		0.010477		0.013838		8.7E-05		4.2E-05		8.2E-05
8.609407	2E-06		2E-06		2E-06		0.014286		0.009585		0.015255		7.6E-05		3.8E-05		7.1E-05
8.765941	2E-06		1E-06		2E-06		0.014097		0.008296		0.016442		6.6E-05		3.5E-05		6.2E-05
8.922476	2E-06		1E-06		2E-06		0.012692		0.006631		0.016553		5.8E-05		3.2E-05		5.5E-05
9.079011	2E-06		1E-06		2E-06		0.009716		0.004713		0.014112		5.2E-05		2.9E-05		4.9E-05
9.235545	1E-06		1E-06		1E-06		0.005724		0.002789		0.008694		4.6E-05		2.7E-05		4.4E-05
9.39208	1E-06		1E-06		1E-06		0.002455		0.00131		0.003546		4.1E-05		2.5E-05		4E-05
9.548615	1E-06		1E-06		1E-06		0.001199		0.000712		0.001608		3.7E-05		2.3E-05		3.6E-05
9.705149	1E-06		1E-06		1E-06		0.000762		0.000487		0.000974		3.4E-05		2.2E-05		3.2E-05
9.861684	1E-06		1E-06		1E-06		0.000546		0.000368		0.000675		3.1E-05		2E-05		3E-05
10.018219	1E-06		1E-06		1E-06		0.000418		0.000293		0.000504		2.8E-05		1.9E-05		2.7E-05
10.174753	1E-06		1E-06		1E-06		0.000334		0.000242		0.000395		2.6E-05		1.7E-05		2.5E-05
10.331288	1E-06		1E-06		1E-06		0.000275		0.000204		0.00032		2.4E-05		1.6E-05		2.3E-05
10.487823	1E-06		1E-06		1E-06		0.000231		0.000176		0.000266		2.2E-05		1.5E-05		2.1E-05
10.644357	1E-06		1E-06		1E-06		0.000197		0.000153		0.000225		2E-05		1.4E-05		2E-05
10.800892	1E-06		1E-06		1E-06		0.000171		0.000135		0.000193		1.9E-05		1.4E-05		1.8E-05
10.957427	1E-06		1E-06		1E-06		0.00015		0.00012		0.000168		1.8E-05		1.3E-05		1.7E-05
11.113961	1E-06		0		1E-06		0.000133		0.000108		0.000147		1.6E-05		1.2E-05		1.6E-05
11.270496	1E-06		0		1E-06		0.000118		9.7E-05		0.000131		1.5E-05		1.1E-05		1.5E-05
11.427031	1E-06		0		1E-06		0.000106		8.8E-05		0.000117		1.4E-05		1.1E-05		1.4E-05
11.583565	0		0		0		9.6E-05		8E-05		0.000105		1.3E-05		1E-05		1.3E-05
11.7401	0		0		0		8.7E-05		7.4E-05		9.5E-05		1.3E-05		1E-05		1.2E-05
11.896635	0		0		0		8E-05		6.8E-05		8.6E-05		1.2E-05		9E-06		1.2E-05
12.053169	0		0		0		7.3E-05		6.3E-05		7.9E-05		1.1E-05		9E-06		1.1E-05
12.209704	0		0		0		6.7E-05		5.8E-05		7.2E-05		1.1E-05		8E-06		1E-05
12.366239	0		0		0		6.2E-05		5.4E-05		6.7E-05		1E-05		8E-06		1E-05
12.522773	0		0		0		5.8E-05		5E-05		6.2E-05		9E-06		8E-06		9E-06
12.679308	0		0		0		5.4E-05		4.7E-05		5.7E-05		9E-06		7E-06		9E-06
12.835843	0		0		0		5E-05		4.4E-05		5.3E-05		9E-06		7E-06		8E-06
12.992377	0		0		0		4.7E-05		4.1E-05		4.9E-05		8E-06		7E-06		8E-06
13.148912	0		0		0		4.4E-05		3.9E-05		4.6E-05		8E-06		6E-06		7E-06
13.305447	0		0		0		4.1E-05		3.7E-05		4.3E-05		7E-06		6E-06		7E-06
13.461981	0		0		0		3.8E-05		3.4E-05		4E-05		7E-06		6E-06		7E-06
13.618516	0		0		0		3.6E-05		3.3E-05		3.8E-05		7E-06		6E-06		6E-06
13.775051	0		0		0		3.4E-05		3.1E-05		3.6E-05		6E-06		5E-06		6E-06
13.931585	0		0		0		3.2E-05		2.9E-05		3.4E-05		6E-06		5E-06		6E-06
14.08812	0		0		0		3E-05		2.8E-05		3.2E-05		6E-06		5E-06		6E-06
14.244655	0		0		0		2.9E-05		2.6E-05		3E-05		6E-06		5E-06		5E-06
14.401189	0		0		0		2.7E-05		2.5E-05		2.9E-05		5E-06		5E-06		5E-06
14.557724	0		0		0		2.6E-05		2.4E-05		2.7E-05		5E-06		4E-06		5E-06
14.714259	0		0		0		2.5E-05		2.3E-05		2.6E-05		5E-06		4E-06		5E-06
14.870793	0		0		0		2.4E-05		2.2E-05		2.4E-05		5E-06		4E-06		5E-06
15.027328	0		0		0		2.2E-05		2.1E-05		2.3E-05		4E-06		4E-06		4E-06
15.183863	0		0		0		2.1E-05		2E-05		2.2E-05		4E-06		4E-06		4E-06
15.340397	0		0		0		2E-05		1.9E-05		2.1E-05		4E-06		4E-06		4E-06
15.496932	0		0		0		2E-05		1.8E-05		2E-05		4E-06		3E-06		4E-06
15.653467	0		0		0		1.9E-05		1.7E-05		1.9E-05		4E-06		3E-06		4E-06
15.810001	0		0		0		1.8E-05		1.7E-05		1.8E-05		4E-06		3E-06		4E-06
15.966536	0		0		0		1.7E-05		1.6E-05		1.8E-05		4E-06		3E-06		3E-06
16.123071	0		0		0		1.6E-05		1.5E-05		1.7E-05		3E-06		3E-06		3E-06
16.279605	0		0		0		1.6E-05		1.5E-05		1.6E-05		3E-06		3E-06		3E-06
16.43614	0		0		0		1.5E-05		1.4E-05		1.6E-05		3E-06		3E-06		3E-06
16.592675	0		0		0		1.5E-05		1.4E-05		1.5E-05		3E-06		3E-06		3E-06
16.749209	0		0		0		1.4E-05		1.3E-05		1.4E-05		3E-06		3E-06		3E-06
16.905744	0		0		0		1.3E-05		1.3E-05		1.4E-05		3E-06		3E-06		3E-06
17.062279	0		0		0		1.3E-05		1.2E-05		1.3E-05		3E-06		3E-06		3E-06
17.218813	0		0		0		1.3E-05		1.2E-05		1.3E-05		3E-06		2E-06		3E-06
17.375348	0		0		0		1.2E-05		1.1E-05		1.2E-05		3E-06		2E-06		3E-06
17.531883	0		0		0		1.2E-05		1.1E-05		1.2E-05		3E-06		2E-06		2E-06
17.688417	0		0		0		1.1E-05		1.1E-05		1.2E-05		2E-06		2E-06		2E-06
17.844952	0		0		0		1.1E-05		1E-05		1.1E-05		2E-06		2E-06		2E-06
18.001487	0		0		0		1E-05		1E-05		1.1E-05		2E-06		2E-06		2E-06
18.158021	0		0		0		1E-05		1E-05		1E-05		2E-06		2E-06		2E-06
18.314556	0		0		0		1E-05		9E-06		1E-05		2E-06		2E-06		2E-06
18.471091	0		0		0		9E-06		9E-06		1E-05		2E-06		2E-06		2E-06
18.627625	0		0		0		9E-06		9E-06		9E-06		2E-06		2E-06		2E-06
18.78416	0		0		0		9E-06		8E-06		9E-06		2E-06		2E-06		2E-06
18.940695	0		0		0		9E-06		8E-06		9E-06		2E-06		2E-06		2E-06
19.097229	0		0		0		8E-06		8E-06		9E-06		2E-06		2E-06		2E-06
19.253764	0		0		0		8E-06		8E-06		8E-06		2E-06		2E-06		2E-06
19.410299	0		0		0		8E-06		8E-06		8E-06		2E-06		2E-06		2E-06
19.566833	0		0		0		8E-06		7E-06		8E-06		2E-06		2E-06		2E-06
19.723368	0		0		0		7E-06		7E-06		8E-06		2E-06		2E-06		2E-06
19.879903	0		0		0		7E-06		7E-06		7E-06		2E-06		2E-06		2E-06
20.036437	0		0		0		7E-06		7E-06		7E-06		2E-06		1E-06		2E-06
20.192972	0		0		0		7E-06		7E-06		7E-06		2E-06		1E-06		2E-06
20.349507	0		0		0		7E-06		6E-06		7E-06		1E-06		1E-06		1E-06
20.506041	0		0		0		6E-06		6E-06		6E-06		1E-06		1E-06		1E-06
20.662576	0		0		0		6E-06		6E-06		6E-06		1E-06		1E-06		1E-06
20.819111	0		0		0		6E-06		6E-06		6E-06		1E-06		1E-06		1E-06
20.975645	0		0		0		6E-06		6E-06		6E-06		1E-06		1E-06		1E-06
21.13218	0		0		0		6E-06		6E-06		6E-06		1E-06		1E-06		1E-06
21.288715	0		0		0		6E-06		5E-06		6E-06		1E-06		1E-06		1E-06
21.445249	0		0		0		5E-06		5E-06		6E-06		1E-06		1E-06		1E-06
21.601784	0		0		0		5E-06		5E-06		5E-06		1E-06		1E-06		1E-06
21.758319	0		0		0		5E-06		5E-06		5E-06		1E-06		1E-06		1E-06
21.914854	0		0		0		5E-06		5E-06		5E-06		1E-06		1E-06		1E-06
22.071388	0		0		0		5E-06		5E-06		5E-06		1E-06		1E-06		1E-06
22.227923	0		0		0		5E-06		5E-06		5E-06		1E-06		1E-06		1E-06
22.384458	0		0		0		5E-06		5E-06		5E-06		1E-06		1E-06		1E-06
22.540992	0		0		0		5E-06		4E-06		5E-06		1E-06		1E-06		1E-06
22.697527	0		0		0		4E-06		4E-06		4E-06		1E-06		1E-06		1E-06
22.854062	0		0		0		4E-06		4E-06		4E-06		1E-06		1E-06		1E-06
23.010596	0		0		0		4E-06		4E-06		4E-06		1E-06		1E-06		1E-06
23.167131	0		0		0		4E-06		4E-06		4E-06		1E-06		1E-06		1E-06
23.323666	0		0		0		4E-06		4E-06		4E-06		1E-06		1E-06		1E-06
23.4802	0		0		0		4E-06		4E-06		4E-06		1E-06		1E-06		1E-06
23.636735	0		0		0		4E-06		4E-06		4E-06		1E-06		1E-06		1E-06
23.79327	0		0		0		4E-06		4E-06		4E-06		1E-06		1E-06		1E-06
23.949804	0		0		0		4E-06		4E-06		4E-06		1E-06		1E-06		1E-06
24.106339	0		0		0		4E-06		4E-06		4E-06		1E-06		1E-06		1E-06
24.262874	0		0		0		4E-06		3E-06		4E-06		1E-06		1E-06		1E-06
24.419408	0		0		0		3E-06		3E-06		3E-06		1E-06		1E-06		1E-06
24.575943	0		0		0		3E-06		3E-06		3E-06		1E-06		1E-06		1E-06
24.732478	0		0		0		3E-06		3E-06		3E-06		1E-06		1E-06		1E-06
24.889012	0		0		0		3E-06		3E-06		3E-06		1E-06		1E-06		1E-06
25.045547	0		0		0		3E-06		3E-06		3E-06		1E-06		1E-06		1E-06
25.202082	0		0		0		3E-06		3E-06		3E-06		1E-06		1E-06		1E-06
25.358616	0		0		0		3E-06		3E-06		3E-06		1E-06		1E-06		1E-06
25.515151	0		0		0		3E-06		3E-06		3E-06		1E-06		1E-06		1E-06
25.671686	0		0		0		3E-06		3E-06		3E-06		1E-06		1E-06		1E-06
25.82822	0		0		0		3E-06		3E-06		3E-06		1E-06		1E-06		1E-06
25.984755	0		0		0		3E-06		3E-06		3E-06		1E-06		1E-06		1E-06
26.14129	0		0		0		3E-06		3E-06		3E-06		1E-06		1E-06		1E-06
26.297824	0		0		0		3E-06		3E-06		3E-06		1E-06		1E-06		1E-06
26.454359	0		0		0		3E-06		3E-06		3E-06		1E-06		1E-06		1E-06
26.610894	0		0		0		3E-06		3E-06		3E-06		1E-06		1E-06		1E-06
26.767428	0		0		0		3E-06		2E-06		3E-06		1E-06		1E-06		1E-06
26.923963	0		0		0		2E-06		2E-06		2E-06		1E-06		1E-06		1E-06
27.080498	0		0		0		2E-06		2E-06		2E-06		1E-06		1E-06		1E-06
27.237032	0		0		0		2E-06		2E-06		2E-06		1E-06		1E-06		1E-06
27.393567	0		0		0		2E-06		2E-06		2E-06		1E-06		1E-06		1E-06
27.550102	0		0		0		2E-06		2E-06		2E-06		1E-06		1E-06		1E-06
27.706636	0		0		0		2E-06		2E-06		2E-06		1E-06		1E-06		1E-06
27.863171	0		0		0		2E-06		2E-06		2E-06		1E-06		1E-06		1E-06
28.019706	0		0		0		2E-06		2E-06		2E-06		1E-06		1E-06		1E-06
28.17624	0		0		0		2E-06		2E-06		2E-06		1E-06		0		1E-06
28.332775	0		0		0		2E-06		2E-06		2E-06		1E-06		0		0
28.48931	0		0		0		2E-06		2E-06		2E-06		0		0		0
28.645844	0		0		0		2E-06		2E-06		2E-06		0		0		0
28.802379	0		0		0		2E-06		2E-06		2E-06		0		0		0
28.958914	0		0		0		2E-06		2E-06		2E-06		0		0		0
29.115448	0		0		0		2E-06		2E-06		2E-06		0		0		0
29.271983	0		0		0		2E-06		2E-06		2E-06		0		0		0
29.428518	0		0		0		2E-06		2E-06		2E-06		0		0		0
29.585052	0		0		0		2E-06		2E-06		2E-06		0		0		0
29.741587	0		0		0		2E-06		2E-06		2E-06		0		0		0
29.898122	0		0		0		2E-06		2E-06		2E-06		0		0		0
30.054656	0		0		0		2E-06		2E-06		2E-06		0		0		0
30.211191	0		0		0		2E-06		2E-06		2E-06		0		0		0
30.367726	0		0		0		2E-06		2E-06		2E-06		0		0		0
30.52426	0		0		0		2E-06		2E-06		2E-06		0		0		0
30.680795	0		0		0		2E-06		2E-06		2E-06		0		0		0
30.83733	0		0		0		2E-06		2E-06		2E-06		0		0		0
30.993864	0		0		0		2E-06		2E-06		2E-06		0		0		0
31.150399	0		0		0		2E-06		2E-06		2E-06		0		0		0
31.306934	0		0		0		1E-06		1E-06		2E-06		0		0		0

